13 14 15 16 17 18 19 20
27 28 29 30 31 32 33
177 178 179 180 181
246 247 248 249 250 251
252 253 254 255 256 257
315 316 317 318 319 320 321 322 323 324 325
326 327 328 329 330 331 332
352 355 356 357 358 359 360
526 527 528 529 530 531 532
589 590 591 592 593 594 595 596 597
621 622 623 624 625
665 666 667 668
669 670 671 672 673 674 675 676 677 678 679
690 691 692 693 694 695
699 700 701 702
703 704 705 706 707
718 719 720 721 722 723 724
725 726 727 728 729 730 731 732 733 734 735 736
742 743 744 745 746
754 755 756 757 758
759 760 761 762 763 764 765 766 767 768 769
780 781 782 783 784 785 786 787 881
375 376 377 378 379 882 883 884 885 886
940 941 942 943 944 945 946 947
1001 1002 1003 1004 1005 1006 1007
1009 1010 1011 1012 1013 1014
1033 1034 1035 1036 1037 1038
1039 1040 1041 1042 1043 1044
139 140 141 142 143 144 1066
1103 1104 1105 1106 1107
912 913 914 915 916 1108 1109
1116 1117 1118 1119 1120 1121 1122 1123 1124
1139 1140 1141 1142 1143 1144 1145 1146 1147 1148
39 40 41 42 43 44 45 46 47 1275
747 748 749 750 751 752 753 1315
7 8 9 10 11 12 1317 1318 1319
712 713 714 715 716 717 1359 1360 1361
1362 1363 1364 1365
980 981 982 983 984 985 1371 1372 1373 1374
1067 1068 1069 1070 1182 1183 1184 1185 1375
1397 1398 1399 1400 1401 1402 1403
545 546 547 548 549 550 551 1424
1459 1460 1461 1462
1465 1466 1467 1468 1469 1470 1471
409 410 411 412 413 414 415 1046 1047 1048 1478 1479 1480 1481
88 89 90 91 92 1491 1492
1300 1511 1512 1513 1514 1516 1517
1297 1298 1299 1301 1302 1303 1304 1305 1516 1517
658 659 660 661 662 663 664 1518 1519
609 610 611 612 613 614 615 616 617 618 619 620 1025 1026 1551 1552
873 874 875 876 877 878 879 880 1567
1593 1594 1595 1596 1597
1610 1611 1612 1613 1614
463 464 465 466 467 468 469 470 471 472 473 474 475 476 477 1637
1276 1277 1278 1279 1280 1281 1282 1283 1636 1638 1639 1640 1641
1715 1716 1717 1718 1719
1758 1759 1760 1761 1762 1763
1764 1765 1766 1767
206 207 208 209 210 211 212 213 214 1027 1028 1031 1032 1768 1769 1770
1925 1926 1927 1928
2000 2001 2002 2003
1414 1415 1417 2004 2005 2006 2007 2008 2009 2010 2011
107 108 109 110 963 964 965 966 967 2069
2077 2078 2079 2080
1198 1199 1200 1201 1202 2083 2084 2085
343 344 345 346 347 348 349 350 351 2093 2094 2095
1410 1411 1413 2149 2150 2152 2155 2157 2158 2159 2160 2161
1333 1334 1335 1336 1337 1338 1339 2169 2170 2171 2172
2192 2193 2194 2195 2196
1894 1895 1896 1897 1898 1899 1900 1901 2211 2212
988 2221 2222 2223 2224 2225 2226 2227 2228 2229
2282 2283 2284 2285
818 820 821 822 825 830 832 835 1892 1893 2188 2344 2345
817 818 819 820 821 822 823 825 826 827 828 829 830 832 833 834 835 1893 2188 2344 2345
1936 1937 1938 2257 2258 2259 2260 2262 2358 2359 2360 2361
21 22 23 24 25 26 1683 1684 1685 2445 2446 2447 2448 2449 2450 2451
904 905 906 907 908 909 910 911 1977 1978 1979 2472
333 334 336 337 338 339 955 956 957 959 962 2476 2477 2478 2480
200 201 202 203 204 205 2536 2537 2538 2539 2540 2541 2542 2543 2544 2545 2546 2547
2560 2561 2562 2563
2027 2028 2029 2030 2031 2032 2033 2034 2035 2036 2567
1726 1727 1728 1729 1730 1731 2587
2602 2603 2604 2605 2606 2607 2608
737 738 739 740 741 2609
1754 1755 1756 1757 2616 2617
2655 2656 2657 2658 2659 2660
1060 1061 1065 2012 2013 2017 2018 2019 2343 2701
1060 1061 1062 1063 1064 1065 1975 1976 2012 2013 2014 2015 2016 2017 2018 2019 2343 2701
2729 2730 2731 2732
2108 2109 2110 2111 2112 2113 2795
2796 2797 2798 2799 2800 2801
2808 2809 2810 2811
807 808 809 810 811 968 969 970 1045 2827
2848 2849 2850 2851 2852 2853
2876 2877 2878 2879
311 312 313 314 2887
1112 1828 2331 2614 2805 2806 2807 2904
2927 2928 2929 2930
1615 1616 1617 1618 1619 1935 1937 2261 2938
1838 1839 1840 1841 1842 1843 1844 2957
1819 1821 1828 2906 2907 2975 2976
1271 1272 1273 1274 2993
1642 1643 1644 1645 1646 1647 2213 2214 2522 2523 2524 2525 2526 2527 2528 2529 2994 2995
2500 2501 2502 2503 2504 2505 2991 2992 3003
1653 1654 1655 1656 1657 1658 2386 2387 3019 3020 3021 3022
838 839 840 841 842 843 2388 2389 2698 2699 2700 3025
3038 3039 3040 3041
1586 1587 1588 1589 1590 1591 1592 3057 3058
1 4 917 918 919 920 3068 3069
1788 1789 1790 1791 1792 1793 1794 3070
2959 2960 2961 2962 2963 2964 2965 3071 3072 3073
1776 1777 1778 1779 3082 3083 3084 3085
3093 3094 3095 3096 3097 3098 3099 3100 3101 3102 3103 3104 3105 3106 3107 3108 3109 3110
2086 2087 2088 2089 2090 2091 2092 3131
2346 2347 2348 2349 2988 2989 2990 3133
937 938 939 1077 1078 1079 3134
1404 1405 1406 1407 1408 1409 2242 2243 2244 2245 2246 2247 2931 3135
3188 3189 3190 3191 3192 3193 3194 3195
1929 1930 1931 1932 1933 1934 3252
263 264 265 266 267 268 269 270 271 272 273 274 275 276 726 731 1008 2662 3285 3286 3287 3288 3289
1580 1581 1582 1583 1584 1585 2250 2251 2252 2253 3300
922 923 924 925 926 927 928 3310
3312 3313 3314 3315 3316
1980 1981 2829 2830 2831 2832 2833 3335 3336 3337
3350 3351 3352 3353 3354 3355
1795 1797 1799 1801 1802 1803 1804 1805 1806 1808 1986 3356
1795 1796 1797 1798 1799 1800 1801 1802 1803 1804 1805 1806 1807 1808 1986 3356
3363 3364 3365 3366 3367
1914 1915 1916 2362 2363 2364 2365 2366 3393 3394
2746 2749 2754 2755 3399 3400
831 1892 3160 3401 3402
278 2403 2404 2405 2406 2407 2408 2409 2410 2411 2413 2414 2415 2416 3403
1987 1988 1989 1990 1991 1992 1993 1994 1995 1996 1997 1998 1999 3390 3404 3405
2143 2144 2145 2146 2147 2148 2556 2557 3421 3422
361 362 363 364 365 366 367 368 416 417 418 1347 1348 3437
352 353 354 355 3439 3444 3445 3446 3447 3448
3279 3280 3281 3282 3283 3458 3459 3460 3461 3462 3463 3464 3465 3466
1675 1676 1677 1678 1679 3467
1015 1016 3470 3471 3472 3473 3474 3475 3476
2742 2743 2744 2745 2746 2747 2749 2750 2751 2752 2753 2754 2755 2756 2757 2759 3491
552 553 554 555 556 557 558 559 560 1968 1969 1971 1972 1973 1974 3127 3129 3130 3492
1648 1649 1650 1651 1652 1891 3210 3211 3212 3213 3493
3051 3052 3053 3054 3511
604 605 606 2705 3512
3239 3240 3241 3242 3243 3244 3245 3246 3247 3248 3249 3250 3514 3515
3532 3533 3534 3535
334 335 336 337 339 955 956 957 958 959 960 961 2476 2477 2478 2479 2480 3196 3536
812 813 814 815 816 3538 3539 3540 3541
122 124 3076 3077 3547 3548
3549 3550 3551 3552 3553 3554 3555 3556 3557 3558 3559
796 1150 1154 1155 1157 1158 1159 1160 1162 1163 1164 1165 1166 3061 3062 3560
561 562 563 564 565 566 1482 1483 1484 1485 1486 2302 2303 2733 3561
3574 3575 3576 3577
3578 3579 3580 3581 3582
2223 2226 2229 2373 2374 2375 2376 2377 2378 2379 2380 2381 3495 3496 3596
128 129 131 132 2599 2600 2601 3601
128 130 131 132 2598 2599 2600 2601 2933 2934 2935 2936 2937 3024 3601 3602
2138 2141 2781 2782 2783 2784 2785 2786 2787 3605
3606 3607 3608 3609
1545 1546 1547 1548 1549 1550 3635
3636 3637 3638 3639 3640 3641
1306 1309 1310 1311 3642 3644 3646
1620 1621 1622 1623 1624 1625 3217 3649
3657 3658 3659 3660 3661
2340 2342 3662 3663 3664
3665 3666 3667 3668
3681 3682 3683 3684 3686 3687 3688 3691 3692 3693
2311 2312 2313 2314 2315 2316 2317 3697
150 151 152 153 484 485 486 487 1264 1266 2054 2055 2056 2059 3703 3704 3705 3706
277 278 279 280 281 282 2403 2407 2412 2414 2415 2416 3722 3723 3724
288 289 290 291 292 293 294 3725 3726 3727 3728 3729
2891 2892 3375 3376 3730
636 1125 1126 1127 1128 1130 1131 1132 1242 1243 2892 2969 2970 2971 2972 2973 2974 3375 3376 3690 3719 3720 3730
2839 2840 2841 2842 2843 2844 3302 3303 3304 3305 3744
2844 3302 3303 3304 3305 3306 3307 3743 3744 3745
3569 3570 3571 3572 3573 3754
2484 2485 2486 2487 2488 2489 2490 2491 2492 2493 3766
352 353 354 3440 3441 3442 3443 3444 3747 3748 3749 3750 3751 3767
2896 2897 2898 2899 2900 2901 2902 2903 3074 3774
2633 2634 2635 2636 2637 2638 2640 3775 3776 3777
3152 3153 3154 3155 3156 3157 3158 3159 3778 3779
3780 3781 3782 3783
1174 1175 1176 1177 1178 1179 1180 1181 3785
2997 2998 2999 3000 3001 3786
127 3075 3078 3787 3788 3789 3790 3791
2044 2045 2046 2047 2048 2049 2050 3770 3815
2049 3768 3769 3809 3810 3811 3812 3813 3814 3815 3816
2426 2427 2428 2429 2430 2431 2432 2433 3822
1237 1238 1239 1240 1241 2790 3823
0 2 3 4 5 6 920 921 3828 3829
2748 2751 2754 2758 3491 3830 3831
1968 1969 1970 1972 1974 3127 3128 3129 3130 3832 3833 3834 3835 3836 3837 3838 3839
1169 1171 2064 2065 2066 2067 2068 3840 3841 3842
643 644 645 646 647 648 649 650 651 652 653 2133 2726 2727 2728 3311 3771 3772 3843
1959 1960 1961 1962 2173 2174 2175 2176 3845
3803 3804 3805 3806 3807 3808 3861
3865 3866 3867 3868 3869 3870 3871
3358 3359 3360 3873 3874 3875 3876
892 893 894 895 896 897 898 3883 3884 3885 3886
1073 1267 1269 1270 1884 2475 2966 2967 2968 3563 3564 3707 3855 3872 3905 3907 3908
1686 1687 1688 1689 1690 3650 3651 3917 3918 3919 3920
3921 3922 3923 3924 3925
3926 3927 3928 3929 3930
1871 3379 3380 3381 3382 3383 3384 3385 3386 3387 3388 3389 3931
95 96 97 98 99 100 101 102 103 104 105 106 2697 3935
189 191 192 195 3940 3941
3987 3988 3989 3990 3991 3992
2178 2179 2180 2181 2891 2893 3995 3996
3253 3254 3260 3261 3262 4001
1810 1811 1812 1813 1815 4005 4006
4007 4008 4009 4010 4011 4012
4032 4033 4034 4035 4036 4037
3943 3944 4043 4052
196 197 198 199 2182 2719 2739 2740 2859 2860 2861 2862 2863 2864 2865 2866 2867 2868 2869 2870 2871 2872 2873 2874 2875 3284 3617 3943 4041 4043 4044 4045 4046 4047 4048 4049 4050 4051 4053
196 198 199 2182 2739 2740 2859 2861 2864 2869 2874 3284 3617 3944 4041 4042 4043 4044 4045 4046 4047 4048 4049 4053
493 494 495 496 497 948 949 950 951 3010 3011 3309 4058
2162 2163 2164 2165 2166 2167 2168 4059
4062 4063 4064 4065
4066 4067 4068 4069 4070
432 433 434 435 436 437 438 439 440 441 442 443 444 445 1568 1569 1570 1851 1852 1853 1854 1855 1856 1857 1858 1859 2734 2735 2736 2956 4090 4091 4092
1432 1433 1434 1435 1436 1437 3132 4093
1472 1473 1474 1475 1476 1477 1629 1630 1631 1633 1634 1635 2382 2383 2384 2385 2387 3019 3020 3022 3023 3290 3756 3994 4094
1699 1700 1701 1702 1703 1704 1705 1706 4096
1089 1090 1091 1092 1093 1094 1095 1096 1097 1098 1099 1100 4097
929 930 931 932 933 4112
3945 3946 3947 3948 3949 3950 3951 4122
1291 1292 1293 1294 1295 1296 1817 2641 2642 2644 2646 2648 2649 2650 2651 2652 2653 2654 3531 4121 4123
3642 3643 3645 3646 3647 4124
3138 3139 3140 3141 3142 3143 4125 4126
1255 1256 1257 2791 2792 2793 2794 4151
1307 1308 4166 4167 4168 4169 4170
1449 1450 1451 1452 1453 2070 2071 2072 2073 2074 2075 2076 2482 2483 4177
1229 1230 1231 1232 1233 1234 2611 2612 2613 2955 3562 3689 4179
1229 1230 1231 1232 1233 1234 2611 2612 2613 2955 3562 3689 3934 4179
2691 2692 2693 2694 2695 2696 3117 3118 4180
3913 3914 3915 3916 4184 4185 4186
4187 4188 4189 4190 4191 4192 4193
863 864 865 866 867 3112 3113 3114 3115 3116 4204 4205 4206
1694 1695 1696 2770 2771 2772 2773 2774 2775 2776 2777 2778 2779 2780 3014 3708 3709 3710 4209
2138 2139 2140 2142 3221 3222 3826 3827 4227
236 237 238 239 240 241 242 243 244 245 680 681 1982 1983 1984 1985 2481 2812 2813 3042 3251 3652 3653 3654 3655 3656 4229
3966 3967 3968 3969 3970 3971 3972 3973 4235
682 683 684 685 686 687 688 689 2134 2135 3603 4249 4251 4253
3752 3753 4256 4257 4258 4259 4260
2840 2841 2845 2846 2847 2996 4261
446 447 448 449 450 451 452 453 454 455 1598 2207 2208 2209 2210 2273 2274 3468 3469 4230 4262
2197 2198 2199 2200 2201 2888 2889 4075 4076 4077 4078 4079 4080 4081 4082 4083 4084 4085 4086 4087 4088 4263 4264
1740 1741 1742 1743 3612 3613 3614 3615 3616 4265
3026 3027 3028 3029 3030 3031 3032 3671 4232 4233 4234 4268 4269
1376 1377 1378 1379 1380 1381 1382 4282 4283 4284
369 370 371 372 373 374 776 777 778 779 1863 1864 2125 2126 2127 2128 3319 3320 3321 3322 3323 3963 3964 3965 4000 4060 4061 4297
1258 1259 1260 1261 1262 1263 1320 1321 1343 1344 1345 1346 2290 2291 4302
1286 1287 1288 1289 1290 4303 4304
3015 3016 3017 3018 4308 4309 4310
1111 1112 1113 1115 2248 2249 2330 2331 2332 2333 2614 2904 4317
1110 1113 1114 1818 1819 1820 1822 1823 1824 1825 1826 1827 1828 1829 1830 1831 2332 2906 2907 2975 2976 4317
709 711 1953 1954 1955 1957 4321
2420 2421 2422 2423 2424 2425 4322 4323
868 869 870 871 872 2399 2400 2401 2588 2589 3763 4127 4145 4146 4147 4148 4149 4150 4298 4330
4343 4344 4345 4346 4347 4348
2761 2762 3268 4353 4354 4355
1599 1600 3798 3799 3800 3801 3802 4356
2548 2549 2550 2551 2552 2553 2554 2555 2629 4365 4366 4367
503 504 505 506 2217 2218 2350 2351 3174 3604 4369
1203 1204 1205 1206 1207 1208 1209 1210 1211 1212 1213 1214 1215 1216 1217 1218 1219 2254 2255 2256 3736 3737 3738 4374 4375
572 573 574 575 576 577 578 579 580 581 582 583 584 2136 2137 4278 4376 4377 4378 4379
598 599 600 601 602 603 993 994 1601 1626 1627 1628 1848 1849 1850 2286 2663 2664 2665 2666 2667 2668 2669 2670 2671 2672 2673 2674 2675 3324 3325 3326 3327 3328 3329 3330 3331 3844 4342 4384 4385 4386 4387 4388
1414 1416 1659 1660 1662 3877 4390
182 183 184 185 186 187 188 1660 1661 1662 1663 1772 1773 1774 1775 2292 2293 2294 4039 4238 4390
1029 1030 1771 3456 3457 4153 4391
3901 3902 3903 3904 4401 4402 4403 4404
3586 3587 3588 3589 3590 3591 3592 3593 3594 3595 4416 4417
2334 2335 2336 2337 2338 2339 3978 3979 3980 3981 4418
133 134 135 136 137 138 4270 4271 4419 4420 4421
4026 4027 4028 4029 4030 4066 4069 4422
2020 2021 2022 2023 2024 2025 2026 2494 2495 2496 2497 2498 2499 4442
1474 1629 1632 1633 1635 4094 4095 4445
4464 4465 4466 4467 4468 4469
201 205 2275 2276 2536 2537 2538 2540 2541 2542 2543 2544 2545 2547 4003 4470
284 1487 1488 1489 1490 1737 1738 1739 4481
4482 4483 4484 4485 4486
62 63 64 65 4488
1963 1964 1965 1966 1967 3145 4489
1017 1018 1019 1020 1021 1022 1023 1024 2390 2391 2392 2393 2394 2395 2396 2828 4236 4237 4434 4500 4501
2639 2640 4503 4504 4505 4506 4507 4508
4516 4517 4518 4519
1865 1866 1867 1868 1869 1870 2615 3487 3488 4527 4528 4529
4546 4547 4548 4549
3739 3740 3741 3742 4551
3673 3674 3675 3676 3677 4560 4561 4562 4563
71 72 73 74 75 76 635 636 637 638 639 640 641 642 708 836 837 1049 1050 1051 1129 1242 1243 1520 1521 1522 1523 1524 1525 1526 1527 1528 1529 1530 1531 1532 1533 1534 1535 3698 3773 3878 3879 3880 3881 3882 4331 4458 4459 4460 4564
4568 4569 4570 4571 4572 4573
419 421 422 423 424 425 426 427 428 429 430 431 899 900 901 903 1186 1187 1188 2508 2509 2510 2511 2512 3049 3952 4057 4329 4432 4577 4578
585 586 587 588 2173 2581 2582 2583 2584 2585 2586 3845 4579
1744 1745 1746 1747 1748 1749 1750 1751 1752 1753 2684 2685 2686 2687 2688 2689 2690 3497 3498 3499 4580
258 259 260 261 262 2741 4586 4587
498 499 500 501 502 860 861 862 1101 1102 2905 3137 3298 3299 3423 3424 3425 3426 3427 3428 3429 3430 3431 4490 4491 4591 4592
1322 1323 1324 1325 1326 1327 1964 4489 4594
155 158 162 163 164 165 166 169 171 2215 2217 2890 4142 4143 4144 4210 4598 4599 4600 4601
215 216 217 218 219 220 1249 1250 1253 2723 2724 2725 3452 3453 3454 3455 3610 3611 3669 3670 4605
4606 4607 4608 4609 4610 4611
4613 4614 4615 4616 4617
1190 1191 1192 1193 1194 1340 1341 1342 1349 1350 1351 1809 2051 3500 3501 3598 3599 3700 3701 3702 4392 4393 4394 4395 4396 4397 4398 4399 4400 4618
1080 1081 1082 1083 1084 1085 1086 1087 1088 2473 2474 4620
971 972 973 974 975 976 977 978 979 1133 1316 1367 1438 1439 1440 1441 1442 1443 1444 1445 1446 1447 1448 2632 2737 2826 3438 3716 4017 4018 4019 4020 4021 4022 4023 4024 4025 4370 4595 4621 4622
992 1720 1721 1722 1723 1724 1725 2760 2979 2980 3266 3267 3269 3270 3271 3272 3273 3274 3275 3276 3277 3278 3755 4628
799 800 801 802 803 804 805 806 2265 3974 3975 4629
456 457 458 459 460 461 462 3002 4630
3233 3234 3235 3236 3237 3332 3333 3334 4089 4631 4632
1872 1873 1874 1875 1876 1877 1878 1879 1880 1881 1882 1883 2060 2061 2062 2063 2114 2623 4633
1127 2099 2100 2101 2102 2103 2104 2105 2789 2891 2894 3698 3997 3998 4331 4564 4635
847 848 849 850 851 852 853 1366 4113 4114 4254 4255 4636
111 112 113 114 115 854 855 856 857 858 859 1074 1075 1076 4641
4287 4288 4289 4290 4291 4292 4649
3516 3517 4272 4273 4274 4275 4276 4277 4650
34 35 36 37 38 420 426 902 1187 1189 1553 1554 1555 1556 1557 1558 1559 1560 1561 1562 1563 1780 1781 1782 1783 2081 2082 2177 2511 3047 3048 3050 4040 4588 4589 4602 4603 4645 4657
4471 4472 4473 4474 4658 4659 4660 4661 4662
2305 2306 2307 2308 2309 2310 2958 3821 4332 4333 4663
4406 4407 4408 4409 4410 4411 4412 4544 4545 4664
4531 4532 4533 4534 4535 4543 4665 4666
2530 2531 2532 2533 2534 2535 2630 2631 3063 3064 3065 3066 3067 4487 4559 4669
986 987 988 989 1571 1572 1573 3214 4038 4670
4339 4340 4341 4671
539 540 541 542 543 544 4340 4671
4312 4313 4314 4315 4316 4680
221 222 223 224 225 226 227 228 533 2912 2913 2914 2915 2916 2917 2918 2919 2920 4619 4681 4682 4683
403 404 405 406 407 408 795 796 797 798 844 845 846 1149 1151 1152 1153 1156 1159 1161 1164 1165 1167 1168 1500 1501 1502 2880 2881 2882 2883 2884 3061 3062 4675 4685 4686
995 996 997 998 999 1000 1292 1786 1787 1817 2641 2643 2645 2647 2648 2649 2651 2654 2706 2943 2944 2945 2946 2947 2948 2949 2950 2951 2952 2953 2954 3043 3226 3301 3518 3519 3520 3521 3522 3523 3524 3525 3526 3527 3528 3529 3530 3531 3792 3793 3794 3795 3796 3797 4015 4016 4480 4687 4688 4689 4690
298 299 300 301 302 303 304 4697 4698 4699
626 627 628 629 630 631 632 633 634 2287 2288 2289 4225 4226 4700
4719 4720 4721 4722 4723
1244 1245 1246 1247 1248 1250 1251 1252 1253 1254 4163 4164 4245 4724
4423 4424 4425 4426 4427 4428 4429 4430 4725 4726
2183 2184 2185 2186 2187 2624 2625 3185 3187 4475 4476 4733
770 771 772 1602 1603 1604 1605 1606 1607 1608 1609 1697 2435 2436 2438 2444 2710 2711 2983 2984 3584 3585 3932 3933 4004 4362 4363 4364 4492 4515 4536 4540 4542 4734 4735 4736 4737
4738 4739 4740 4741 4742
654 655 656 657 3165 3166 3167 4222 4223 4224 4743
3395 3396 3397 3398 4625 4626 4627 4751 4752
1902 1903 1904 1905 1906 4760
2985 2986 2987 4762
1541 1542 2038 2854 2855 2856 2857 2858 4763
1691 1692 1693 2037 2038 2856 4763
2397 2398 2399 2401 2402 3746 3757 3758 3759 3760 3761 3762 3763 3764 4298 4745 4766
2398 2399 2401 2402 3746 3757 3758 3759 3760 3761 3762 3763 3764 4298 4330 4745 4766
1832 1833 1834 1835 1836 1837 4098 4099 4100 4769 4770 4771
3119 3120 3121 3122 3123 3124 3125 4774
4778 4779 4780 4781 4782 4783 4784
1621 3215 3216 3217 3218 3219 3648 4791 4792
560 3492 3976 3977 4800
3339 3340 3341 3342 3343 3344 3345 3346 3347 3348 3349 4802
535 696 697 698 2318 2319 2320 2321 2322 2323 4405 4443 4444 4646 4647 4648 4803 4804
2324 2325 2326 2327 2328 2329 4809
887 888 889 890 891 2457 2458 2459 2460 2461 2462 2463 2464 2465 2466 2467 4810
116 117 118 119 1498 1499 1664 1665 1666 1667 1668 1669 1670 1671 1672 1673 1674 3126 3182 3183 3184 3185 3186 3187 4557 4811
1564 1565 1566 4812 4813 4814 4815 4816
2469 2470 2471 4711 4712 4713 4801 4817 4818
2107 4115 4116 4117 4118 4819 4820
189 190 191 192 193 194 195 2277 2278 2279 2280 2281 3508 3672 3678 3679 3680 3909 3910 3911 3912 3940 4111 4119 4120 4279 4280 4334 4550 4827
2516 2517 2518 2519 2520 2521 4829
1543 3059 3060 4435 4805 4806 4807 4830
2434 2435 2437 2439 2440 2441 2442 2443 2444 3509 3510 3585 4072 4074 4152 4327 4539 4540 4541 4831
3175 3176 3177 3179 3180 3181 3620 3699 4154 4834
1352 1353 1354 1355 1356 1357 1358 2455 2456 3175 3176 3177 3178 3179 3180 3181 3618 3619 3620 3621 3622 3623 3624 3625 3699 3999 4013 4014 4154 4311 4654 4808 4834
3161 3162 3163 3164 4581 4582 4583 4584 4585 4835 4836
2232 2233 2234 2236 2238 2240 3044 3045 3046 3817 3818 3819 3820 4328 4837
1811 1815 3477 3478 3479 3480 3481 3482 4380 4850
1814 1816 4103 4104 4105 4106 4107 4108 4109 4110 4555 4850
1220 1221 1222 1223 1224 1225 2564 2565 2566 2940 2941 2942 4768 4851
607 608 2052 2661 4852 4853
4728 4729 4730 4731 4732 4854
1134 1135 1136 1137 1138 1947 1948 1949 1950 1951 1952 4856
1732 1733 1734 1735 1736 2189 2190 2191 4857 4858
3255 3256 3257 3258 3259 4859 4860 4861 4862
1071 1072 1073 1712 1861 1885 2295 2296 2475 3851 3852 3853 3854 3855 3856 3857 3858 3859 3860 3908 4509 4821 4864
1226 1227 1228 2295 2713 2714 2715 2716 2717 2718 2967 4509 4864 4865
3291 3292 3293 3294 3295 3296 3297 4455 4456 4457 4866
1939 1940 1941 1942 1943 1944 1945 1946 3502 4296 4522 4523 4524 4525 4868 4869
3168 3169 3170 3171 3172 3173 3894 3895 3896 3897 4452 4453 4530 4593 4623 4849 4870
3033 3034 3035 3036 3037 3984 3985 3986 4006 4555 4872
145 146 147 148 149 229 295 296 297 1284 1285 2297 2352 2353 2354 2738 2764 2765 2766 2767 2768 2769 3717 3718 3851 3855 3890 3891 4031 4389 4863 4873 4874
567 568 569 570 571 4875
1268 3565 3566 3567 3568 4171 4876
3626 3627 3628 3629 4637 4877
4446 4447 4448 4449 4450 4451 4878
2266 2267 2268 2269 2270 2271 2272 3507 4772 4773 4879
1921 1922 1923 1924 3711 3712 4211 4212 4213 4214 4215 4520 4521 4832 4833 4880
4882 4883 4884 4885
1506 1507 1508 1509 1510 3089 3090 3091 3092 3357 3721 4667 4668 4887 4888 4889
283 284 285 286 287 1487 1488 1489 1490 1713 1714 1737 1738 1739 4002 4481 4892
172 173 174 175 176 1195 1196 1197 1410 1411 1412 1413 1463 1464 2149 2150 2151 2152 2153 2154 2155 2156 2157 2158 2159 2160 2161 2577 3784 4744 4824 4825 4896
3368 3369 3370 3371 3372 3373 4285 4286 4640 4897
3685 4228 4440 4441 4526 4901
4196 4197 4198 4199 4200 4902
4701 4702 4703 4704 4705 4706 4707 4708 4903 4904
1328 1329 1330 1331 1332 1712 1885 1886 1887 1888 1889 1890 2714 2718 2802 2804 3872 3906 4612 4717 4785 4786 4787 4905
77 78 79 80 81 4890 4891 4907 4908
4172 4173 4174 4175 4176 4368 4871 4910
230 231 232 233 234 235 1266 2053 3086 3087 3088 3227 3228 3229 3230 3231 3232 3483 3484 3485 3486 3494 3537 4537 4826 4911
2676 2677 2678 2679 2680 2681 2683 4912
305 306 307 308 309 310 1421 2132 2939 3597 4281 4790 4913
380 381 382 383 1418 1419 1420 1421 1422 1423 4194 4195 4914
2232 2234 2235 2236 2237 2239 2240 2241 2506 2507 2513 2514 2515 3542 3543 3544 3545 3546 4553 4837 4838 4917
48 49 50 52 2834 2835 2836 2837 2838 3936 3937 3938 3939 4918
54 4655 4727 4918
48 49 50 51 52 53 54 2837 3982 4918
1575 1576 1577 1578 1579 1907 1908 2230 2231 2575 2576 2885 2886 3223 3224 3225 3406 3407 3408 3409 3410 3411 3412 3413 3414 3415 3416 3417 3418 3419 3420 3942 4454 4775 4776 4777 4919
1575 1577 1578 1579 2231 2886 3406 3407 3408 3410 3411 3414 3415 3416 3417 3418 3419 3420 3942 4776 4919
2202 2203 2204 2205 2206 4920
1454 1455 1456 1457 1458 4822 4915 4916 4921
1493 1494 1495 1496 1497 1707 1708 1709 1710 1711 4922
3846 3847 3848 3849 3850 4927
1909 1910 1911 1912 1913 3361 3362 4477 4478 4479 4590 4656 4714 4899 4900 4923 4930
2298 2299 2300 2301 3953 3954 4513 4514 4931
3197 3198 3199 3200 3201 3202 3203 3204 3205 3206 3207 3208 3209 4101 4102 4558 4932
510 511 512 513 514 515 516 517 518 519 520 521 2568 2569 2570 2571 2572 2573 2574 2921 2922 2923 2924 2925 2926 3111 3374 3489 3490 4357 4358 4359 4360 4933
1324 2340 2341 2342 3144 3146 3147 3148 3149 3150 3151 4604 4684 4934
154 155 156 157 158 159 160 161 162 163 164 166 167 168 169 170 171 2215 2216 2217 2218 2219 2220 2350 2351 2890 2895 3174 3338 3604 4142 4143 4144 4369 4598 4599 4600 4601 4935 4936
82 83 84 86 87 2367 2368 2369 2370 2371 2372 2559 3006 3007 3008 3603 3713 4071 4502 4552 4840 4841 4842 4845 4847 4938
788 789 790 791 792 793 794 1172 1173 4942 4943 4944 4945
1052 1053 1054 1055 1056 1057 1058 1059 3433 3434 3435 3436 4946
384 385 386 387 388 389 390 391 392 393 394 395 396 397 398 1383 1574 2932 2981 2982 3238 3583 3694 3695 3696 3962 4634 4761 4947 4948
2590 2591 2592 2593 2594 2595 2596 2597 3735 3824 3825 3993 4128 4129 4130 4131 4132 4133 4134 4135 4136 4137 4138 4139 4140 4141 4231 4349 4949
606 2452 2453 2454 3051 3054 3055 3056 3220 3513 4764 4765 4848 4886 4950
522 523 524 525 1784 1785 2468 3893 4954 4955
231 485 1264 1265 1266 2053 2055 2057 2058 3227 3228 4651 4956
55 56 57 58 59 60 61 93 94 478 479 480 481 482 483 1312 1313 1314 1388 1389 1390 1391 1392 1393 1394 1425 1426 1427 1428 1429 1430 1431 2106 2618 2619 2620 2621 2622 3391 3634 4118 4266 4267 4383 4624 4853 4867 4909 4957
2720 2721 2722 4951 4962
399 400 401 402 3377 3378 4963
4939 4940 4941 4966
1235 1236 2263 2264 2814 2815 2816 2817 2818 2819 2820 2821 2822 2823 2824 2825 2977 2978 3600 3765 3887 3888 3889 4556 4928 4929 4967
67 120 121 122 123 124 125 126 127 1395 1396 2118 2119 2120 2121 3076 3548 4207 4968
66 68 69 70 121 2115 2116 2117 4694 4696 4789 4968
1860 1861 1862 3854 3857 3890 3891 3892 4350 4351 4352 4433 4821 4881 4969
82 83 84 85 86 87 684 685 688 689 2039 2040 2041 2042 2043 2134 2135 2367 2368 2369 2370 2371 2372 2558 2559 2788 3004 3005 3006 3007 3008 3506 3603 3713 4071 4178 4249 4250 4252 4253 4502 4552 4554 4565 4566 4567 4718 4759 4767 4840 4841 4842 4843 4844 4845 4846 4847 4898 4938 4952 4970
4239 4240 4241 4242 4243 4676 4953 4964 4977
2304 3955 3956 3957 3958 3959 3960 3961 3983 4158 4159 4160 4161 4162 4221 4538 4978
1917 1918 1919 1920 4906 4980
488 489 490 491 492 3308 4652 4653 4839 4958 4981
4241 4242 4244 4293 4294 4295 4709 4710 4796 4797 4798 4799 4828 4953 4975 4976 4977 4988
1697 1698 2441 2442 2712 4072 4073 4074 4152 4361 4381 4382 4492 4539 4541 4746 4747 4748 4749 4831 4989
3731 3732 3733 3734 4756 4757 4974 4989
