9 318 513 628 1083 1153 1171 1273 1422 1788 1930 1961 2021 2060
31 153 157 289 505 796 798 1041 1044 1055 1577 1667 1714 2086 2087 2088
61 229 337 623 715 1318 1655 1725 1834 1995 2117
63 72 596 1289 1649 1662 1680 1732 2119
11 69 94 145 543 837 1009 1115 1167 1358 1855 2031 2061 2062 2132
57 83 197 569 793 933 955 1005 1333 1696 1742 1991 2111 2112 2142
48 86 142 208 344 424 1060 1257 1351 1741 1897 2000 2017 2033 2101 2144
28 87 133 155 295 630 774 992 1264 1598 1621 1766 2076 2145
95 282 327 359 518 827 987 1013 1190 1534 1668 2146
100 340 661 851 889 1250 1754 1777 2150
109 294 358 712 1148 1233 1281 1435 1734 1793 1877 1913 1948 2161
174 200 224 442 531 551 561 869 979 1409 1705 1898 1947 1975 2191 2192
185 236 633 739 867 959 1702 1888 2202 2203
101 192 509 1291 1379 1488 1497 1603 1677 2151 2207 2208
201 281 451 458 682 803 941 1246 1263 1328 1412 1449 1515 1889 1951 2211
204 297 762 829 864 1071 1195 1565 1602 1673 2213
128 213 246 284 439 619 724 973 1015 1463 1491 1590 1623 2173 2219
25 216 852 940 1425 1450 1478 1537 1615 1950 1955 2223
14 130 225 299 584 1108 1215 1237 1387 1393 1395 1410 1430 1529 1601 1836 1896 2064 2226 2227 2229 2231
106 125 130 225 299 584 1108 1223 1237 1387 1393 1395 1410 1430 1444 1529 1544 1601 1627 1896 2064 2226 2227 2228 2229 2230 2231 2232
124 242 353 402 457 563 675 787 1216 1324 1361 1479 2171 2243
147 245 429 880 978 1051 1116 1473 1539 2005 2244
50 136 256 746 870 960 1068 1309 1492 1553 1639 1796 1927 1971 2247
258 635 897 1259 1559 1640 1861 1878 2248
88 195 202 263 321 366 460 517 565 663 789 905 964 1025 1313 1674 2212 2253
67 184 230 241 264 407 455 492 573 597 785 994 1048 1103 1306 1365 1821 2122 2123 2124 2125 2126 2127 2128 2129 2130 2254
248 267 330 379 476 958 966 1186 1443 1695 1875 2255 2256
273 456 482 484 553 556 662 699 932 1026 1210 1371 1405 1455 1730 1859 2174 2259 2260
81 283 320 412 498 636 795 975 1221 1408 1660 1871 1970 2074 2139 2140 2269
293 312 814 1102 1121 1206 1549 1704 1837 1891 1900 2277
182 209 218 311 692 738 790 900 1004 1158 1419 1573 2198 2199 2200 2201 2215 2216 2288
51 222 324 435 580 601 816 834 841 1073 1142 1299 1605 1606 1890 2103 2104 2105 2291
7 334 631 647 817 903 1021 1095 1123 1396 1589 1670 1748 1847 1901 2058 2059 2303
232 341 676 695 766 995 1091 1112 1157 1459 1541 1608 1829 1972 1978 1990 1993 2007 2009 2016 2018 2029 2306
393 466 578 651 879 942 1082 1178 1311 1315 1484 1637 1885 2010 2032 2321 2322 2323
411 725 926 1522 1626 1666 1783 2326
159 183 415 480 671 805 1079 1506 1620 1763 2327
18 154 315 425 718 955 1005 1007 1012 1326 1333 1380 1423 1424 1576 1696 1721 1886 1914 2068 2069 2111 2142 2334
427 865 1090 1300 1384 1495 1618 1693 1868 1906 2336
446 775 826 1008 1389 1689 1801 1924 1963 2340
449 626 1039 1188 1228 1298 1426 1451 1471 1679 1750 1822 1976 2341
32 70 97 347 404 461 886 957 1078 1092 1175 1211 1245 1285 1509 1787 1844 1867 1919 1933 1969 2089 2342
180 309 474 909 952 1016 1101 1119 1199 1498 1892 2347
298 394 447 477 478 813 840 996 1030 1058 1413 1567 1575 1585 1648 1739 1826 1866 1873 1938 2094 2278 2279 2280 2310 2348
34 298 350 394 447 477 478 813 996 1413 1567 1575 1622 1648 1739 1752 2091 2092 2093 2094 2279 2309 2310 2348
171 316 336 440 483 530 744 950 1037 1076 1177 1179 1230 1262 1278 1464 1966 2027 2189 2350
66 500 642 701 1128 1254 1624 1928 2353
510 831 898 919 1136 1472 1475 1740 1813 1967 2356 2357
417 529 734 1182 1288 1440 1445 1566 1581 1720 1770 1786 2328 2359
544 546 747 782 907 1166 1194 1403 1562 2364 2365
166 329 373 550 606 637 673 684 742 818 1043 1061 1609 1653 1686 1860 1994 2299 2366
19 129 273 456 482 484 553 556 662 925 932 1210 1274 1371 1405 1455 1532 1560 1774 1859 2070 2259 2260 2368
108 247 558 819 892 946 1366 1367 1466 1505 1554 1588 1764 1817 1831 1958 1964 1986 2024 2026 2159 2160 2369
345 391 581 893 1035 1486 1869 1894 1945 2374
579 591 717 1074 1241 1390 1690 1815 1832 1929 1931 2378
240 287 383 454 592 602 650 652 799 924 1024 1268 1308 1353 1407 1448 1729 2240 2241 2242 2379
328 370 405 430 453 599 704 848 1023 1126 1146 1255 1287 1317 1373 1630 2295 2296 2297 2298 2380
26 62 179 219 437 532 640 653 669 748 778 830 855 1122 1125 1414 1447 1594 1633 1736 1765 1853 1895 1962 2075 2118 2338 2391
29 144 178 239 326 346 361 389 609 678 691 705 753 825 1105 1346 1493 1523 1641 2077 2078 2079 2080 2081 2082 2083 2181 2196 2294 2398 2399
132 156 268 567 613 649 680 755 859 890 1006 1072 1149 1203 1207 1303 1325 1342 1359 1452 1477 1587 1650 1809 1918 1999 2400
96 163 211 343 554 687 1034 1465 1528 1893 2147 2148 2401
304 557 595 648 708 721 733 750 808 839 908 967 1028 1147 1290 1335 1355 1476 1499 1616 1722 1780 1917 1920 1939 2002 2030 2404 2405
71 303 707 710 800 863 1001 1109 1212 1356 1456 1572 1651 1743 1804 2372 2406 2407
111 308 360 503 545 576 627 728 836 843 1086 1458 1759 2409
85 752 846 895 899 1017 1049 1085 1127 1225 1652 1760 2143 2257 2258 2419
756 776 1070 1191 1208 1240 1295 1485 1643 1723 1797 1807 1808 1839 1909 1937 2003 2008 2014 2025 2427
39 223 233 700 768 788 820 853 928 985 1227 1711 1746 1838 2098 2099 2422 2433 2434 2435
408 951 1251 1276 1277 1517 1518 1697 1698 1735 2447
16 37 348 791 983 989 1053 1067 1129 1205 1267 1341 1369 1548 1635 2065 2307 2308 2456 2457 2458
21 685 1066 1521 1672 1935 1941 2071 2460 2461
842 1094 1134 2039 2040 2041 2042 2044 2463 2464
271 564 568 707 779 800 1109 1140 1316 1336 1337 1456 1467 1514 1613 2370 2371 2372 2373 2467
175 688 690 1132 1150 1789 1790 1910 2035 2193 2402 2468
73 278 349 523 537 547 714 844 884 953 1117 1213 2264 2265 2266 2267 2472
15 254 540 542 590 620 632 638 693 702 770 780 783 804 882 891 923 1100 1198 1239 1737 1761 1771 1874 1940 2245 2390 2423 2444 2476
188 552 743 902 1202 1249 1302 1349 1357 1819 1872 1876 1946 2416 2477 2478
410 616 862 911 961 988 1113 1266 1305 1322 1343 1503 1710 1715 2438 2451 2480
421 1293 1350 1460 1569 1682 1709 1830 2330 2331 2332 2481
252 487 1154 1348 1354 1363 1457 1574 1724 2469 2483
20 134 167 170 524 656 874 965 1378 1431 1496 1545 1800 1943 2019 2440 2484
112 250 332 365 399 515 570 612 625 709 758 920 927 1047 1176 1307 1552 1555 1744 1824 1903 1989 2300 2301 2302 2492 2493
64 104 196 481 971 1600 1731 1863 1882 1949 1956 2120 2495
277 384 418 490 812 1133 1143 1261 1364 1402 1404 1535 1632 1850 2318 2351 2496
