20 1262 1263 1264
41 1281 1282 1283
42 550 1284 1285 1286 1287 1288 1289 1290
2 43 45 47 48 50 1229 1230 1232 1233 1234 1236 1237 1239 1240 1241 1242 1243 1244 1245 1291
2 43 44 45 46 48 49 50 1228 1229 1230 1231 1232 1233 1234 1235 1236 1237 1238 1239 1240 1241 1242 1243 1244 1245 1292
53 58 272 1295 1296
60 117 1304 1305 1306 1307 1308
18 64 173 240 270 386 544 583 1260 1309 1310 1311
67 68 314 591 1313
74 608 609 1322 1323 1324 1325 1326 1327
77 1329 1330 1331
102 684 1359 1360 1361 1362 1363 1364 1365 1366
113 700 1102 1377
125 1388 1389 1390
70 502 602 1314 1315 1316 1317 1318 1403
139 724 745 746 1407
155 360 1426 1427 1428 1429
116 193 307 1462 1463 1464 1465 1466 1467 1468
216 838 839 840 1497 1498 1499
143 220 749 1411 1412 1413 1502 1503 1504
229 302 1511 1512 1513 1514
121 231 526 1384 1516
152 247 362 368 678 1421 1535
7 141 249 1537 1538 1539 1540 1541 1542
290 1581 1582 1583 1584 1585
88 313 944 1604 1605 1606 1607 1608 1609 1610 1611 1612 1613
317 393 1617 1618 1619
419 1718 1719 1720 1721 1722
23 435 946 1739 1740
372 436 464 477 514 633 1672 1741
123 288 455 1044 1045 1759 1760 1761
29 471 1270 1774
27 286 480 1778 1779 1780 1781 1782
493 1327 1792 1793 1794 1795 1796 1797
287 477 876 911 1576 1577 1578 1579 1818
500 517 577 1807 1820
268 522 1827 1828 1829 1830
36 505 506 523 1061 1275 1276 1812 1831
555 1857 1858 1859 1860
55 557 558 1298 1299 1862 1863
61 574 1880 1881 1882 1883 1884 1885 1886 1887
4 62 460 576 1890
72 603 604 1083 1909 1910
76 610 611 612 613 614 1916 1917
80 629 1930 1931 1932 1933
85 298 639 1940 1941 1942 1943 1944 1945 1946 1947
86 642 1095 1951
170 308 589 653 1077 1597 1598 1599 1600 1960
472 668 1973 1974 1975 1976
66 588 682 1900 1987
597 683 1988 1989
162 332 370 688 1436 1437 1438 1632 1667 1993 1994 1995
107 691 1998 1999 2000
175 701 804 2008 2009 2010
702 2011 2012 2013
16 703 1256 1257 1258 2014
645 662 706 1954 2015
718 2026 2027 2028 2029
136 274 324 334 567 602 705 734 735 736 737 738 739 740 741 742 743 1122 1401 1402 1403 1634 1872 2049 2051
143 749 750 751 752 1411 1413 2054 2055
142 754 755 780 1409 1410 2057 2058 2059 2060
416 769 2072 2073
782 1529 2082 2083
483 802 1055 2098 2099 2100
190 814 1137 2114 2115
200 440 507 509 659 819 822 1474 1965 1966 2122 2123 2124 2125 2126
196 387 825 1140 2130 2131
803 884 2101 2102 2103 2104 2179
226 278 474 652 849 899 900 901 902 1566 1567 1568 2195
14 19 79 160 306 329 371 622 945 959 1333 1668 1669 1670 1671 1924 2236
318 951 952 953 1175 2239 2240 2241 2242 2243
878 965 1148 2253
46 227 253 341 972 1233 1641 2266 2267
979 1180 1181 2272 2273 2274 2275 2276 2277 2278
515 845 1003 2145 2146 2147 2148 2301
1000 1009 2306 2307 2308
1034 1185 1186 2332
428 429 1036 1731 1732 1733 1734 2334
530 905 1067 2357 2358 2359
929 976 1127 2408 2409
916 1170 2205 2454
1190 1218 1219 1220 1221 2470 2471
1087 1088 1201 2481
330 1152 1210 1211 1212 1213 2434 2488 2489
172 1032 1155 1214 1223 2490 2491 2492 2493
