0 34
0 42
0 506
1 239
2 247
3 291
3 506
4 8
4 531
5 34
5 192
6 21
6 30
6 37
6 75
6 160
6 164
6 178
6 184
6 219
6 229
6 235
6 243
6 259
6 276
6 298
6 335
6 348
6 364
6 418
6 426
6 506
6 523
6 524
6 531
6 532
7 192
9 54
9 71
9 189
9 396
9 506
10 34
11 192
12 205
12 506
13 4
14 180
15 192
16 180
17 47
17 71
17 170
17 232
17 233
17 342
17 360
17 420
17 532
18 235
18 469
19 192
20 30
20 37
20 61
20 82
20 90
20 93
20 156
20 164
20 180
20 229
20 235
20 243
20 259
20 298
20 315
20 320
20 335
20 347
20 360
20 376
20 418
20 490
20 500
20 506
21 61
21 75
22 122
22 179
22 201
22 271
22 524
23 133
23 180
24 192
24 531
25 192
26 82
26 86
26 150
26 180
26 233
26 235
26 259
26 298
26 353
26 360
26 523
26 531
27 506
28 34
28 159
28 160
28 188
28 235
28 259
28 379
29 192
30 160
30 180
30 184
30 235
30 243
30 259
30 335
30 348
30 360
30 379
30 523
30 524
30 531
31 532
32 275
32 458
33 192
35 30
35 34
35 105
35 108
35 122
35 159
35 233
35 234
35 235
35 335
35 348
35 354
35 360
35 385
35 397
35 434
35 435
35 458
35 532
36 31
36 122
36 164
36 233
36 235
36 243
36 335
36 360
36 413
36 500
36 506
37 34
38 180
38 219
38 226
38 239
38 403
39 54
39 86
39 95
39 160
39 164
39 178
39 229
39 268
39 298
39 335
39 370
39 412
39 523
39 531
40 192
41 335
41 352
42 506
43 82
44 107
44 108
44 180
44 322
44 379
45 21
45 30
45 36
45 47
45 51
45 54
45 56
45 63
45 75
45 82
45 83
45 85
45 86
45 90
45 122
45 128
45 150
45 154
45 156
45 167
45 170
45 183
45 188
45 211
45 229
45 231
45 232
45 233
45 235
45 239
45 241
45 243
45 247
45 248
45 255
45 259
45 266
45 276
45 299
45 307
45 318
45 335
45 340
45 346
45 353
45 360
45 368
45 377
45 378
45 379
45 397
45 412
45 420
45 434
45 438
45 442
45 463
45 466
45 487
45 490
45 494
45 500
45 506
45 517
45 531
45 532
46 56
46 122
46 123
46 205
46 226
46 246
46 276
47 17
47 83
47 170
47 233
47 297
47 312
47 397
47 433
47 474
47 532
48 6
48 30
48 45
48 61
48 63
48 66
48 67
48 85
48 86
48 90
48 108
48 122
48 127
48 128
48 160
48 171
48 178
48 180
48 197
48 211
48 229
48 233
48 235
48 243
48 254
48 268
48 276
48 282
48 298
48 299
48 305
48 315
48 320
48 335
48 347
48 353
48 360
48 364
48 365
48 379
48 385
48 403
48 412
48 434
48 467
48 490
48 491
48 499
48 506
48 517
48 521
48 523
48 524
48 531
48 532
48 534
49 108
50 75
50 122
50 150
50 235
50 239
50 276
50 348
50 388
50 412
50 523
50 531
51 45
51 194
51 238
51 239
51 276
51 314
51 385
51 421
51 434
51 517
52 193
52 229
53 45
53 60
53 88
53 108
53 114
53 144
53 172
53 180
53 183
53 211
53 268
53 315
53 340
53 345
53 379
53 400
53 403
53 484
53 506
54 6
54 9
54 39
54 45
54 47
54 71
54 75
54 83
54 108
54 128
54 137
54 164
54 173
54 179
54 180
54 189
54 210
54 229
54 235
54 243
54 247
54 259
54 268
54 276
54 282
54 293
54 297
54 298
54 299
54 315
54 320
54 327
54 335
54 360
54 385
54 396
54 403
54 412
54 418
54 434
54 437
54 444
54 467
54 487
54 490
54 494
54 498
54 499
54 506
54 513
54 523
54 524
54 531
54 532
55 187
55 379
55 517
56 6
56 45
56 46
56 58
56 59
56 75
56 78
56 96
56 97
56 101
56 108
56 117
56 127
56 143
56 144
56 150
56 154
56 164
56 172
56 173
56 180
56 183
56 231
56 235
56 242
56 249
56 253
56 266
56 272
56 276
56 289
56 297
56 300
56 326
56 333
56 335
56 341
56 345
56 369
56 400
56 403
56 405
56 420
56 426
56 431
56 434
56 437
56 446
56 451
56 453
56 461
56 476
56 479
56 493
56 498
56 500
56 510
56 527
56 531
56 532
56 540
57 108
58 6
58 56
58 60
58 75
58 82
58 93
58 96
58 114
58 150
58 156
58 180
58 181
58 187
58 189
58 192
58 198
58 231
58 235
58 254
58 263
58 266
58 276
58 278
58 282
58 299
58 320
58 335
58 341
58 342
58 348
58 360
58 403
58 412
58 444
58 466
58 506
58 512
58 521
58 523
58 532
59 53
59 56
59 62
59 108
59 150
59 180
59 183
59 192
59 193
59 199
59 205
59 211
59 226
59 231
59 235
59 236
59 239
59 276
59 299
59 341
59 360
59 400
59 403
59 461
59 481
59 497
59 524
59 527
60 6
60 34
60 50
60 58
60 75
60 81
60 82
60 83
60 86
60 93
60 108
60 109
60 114
60 144
60 149
60 150
60 160
60 164
60 170
60 174
60 178
60 187
60 188
60 219
60 222
60 225
60 233
60 235
60 239
60 263
60 264
60 266
60 278
60 282
60 297
60 298
60 299
60 305
60 307
60 313
60 315
60 335
60 347
60 364
60 418
60 420
60 426
60 442
60 455
60 470
60 474
60 490
60 498
60 500
60 512
60 524
60 531
61 180
61 183
61 235
61 364
61 418
61 524
62 108
62 180
62 229
63 86
63 128
63 199
63 360
63 412
63 506
64 6
64 36
64 45
64 68
64 78
64 86
64 96
64 101
64 108
64 168
64 170
64 180
64 187
64 205
64 207
64 229
64 231
64 276
64 286
64 287
64 299
64 305
64 335
64 342
64 442
64 453
64 510
65 6
65 30
65 36
65 67
65 86
65 133
65 160
65 164
65 171
65 235
65 246
65 276
65 298
65 335
65 348
65 360
65 379
65 458
65 475
65 500
65 517
65 524
65 531
66 235
66 276
66 299
66 360
66 379
66 412
66 480
66 517
67 63
67 299
68 17
68 38
68 47
68 63
68 64
68 72
68 83
68 108
68 134
68 158
68 164
68 167
68 170
68 187
68 189
68 205
68 226
68 234
68 244
68 312
68 321
68 328
68 336
68 339
68 345
68 346
68 360
68 402
68 412
68 415
68 453
68 465
68 471
68 506
68 517
68 519
68 532
69 86
69 122
69 180
69 193
69 197
69 205
69 229
69 276
69 360
69 365
69 506
70 36
70 108
70 178
70 180
70 211
70 246
70 297
70 299
70 320
70 360
70 403
70 532
71 75
71 83
71 108
71 128
71 205
71 299
71 379
71 532
72 36
72 67
72 83
72 86
72 108
72 109
72 171
72 174
72 180
72 187
72 201
72 212
72 235
72 246
72 268
72 297
72 299
72 312
72 315
72 360
72 379
72 433
72 506
72 517
72 521
72 532
73 21
73 47
73 82
73 85
73 108
73 109
73 122
73 150
73 164
73 167
73 192
73 229
73 235
73 239
73 282
73 299
73 315
73 320
73 353
73 360
73 385
73 403
73 412
73 433
73 498
73 517
73 523
73 524
74 36
74 180
74 203
74 233
74 235
74 502
75 523
76 180
77 36
77 50
77 81
77 86
77 116
77 117
77 133
77 164
77 171
77 180
77 219
77 229
77 235
77 268
77 276
77 299
77 317
77 348
77 353
77 360
77 454
77 506
77 531
78 50
78 56
78 107
78 150
78 180
78 205
78 231
78 235
78 268
78 299
78 312
78 365
78 506
78 517
79 36
79 117
79 122
79 180
79 192
79 205
79 229
79 231
79 235
79 263
79 264
79 276
79 299
79 315
79 320
79 343
79 360
79 444
79 532
80 45
80 47
80 63
80 75
80 81
80 83
80 86
80 93
80 122
80 128
80 150
80 156
80 160
80 164
80 167
80 171
80 174
80 178
80 181
80 187
80 189
80 229
80 231
80 235
80 243
80 268
80 282
80 294
80 299
80 305
80 320
80 347
80 352
80 360
80 379
80 385
80 403
80 418
80 426
80 442
80 490
80 499
80 505
80 506
80 517
80 523
80 531
81 167
81 266
81 268
81 294
81 297
81 506
82 6
82 36
82 43
82 75
82 81
82 93
82 127
82 128
82 160
82 164
82 167
82 178
82 189
82 214
82 229
82 235
82 243
82 254
82 259
82 276
82 278
82 282
82 298
82 305
82 315
82 333
82 348
82 352
82 360
82 385
82 403
82 418
82 426
82 500
82 521
82 523
83 63
83 170
83 180
83 433
83 442
83 517
84 122
84 180
84 213
84 229
84 235
84 239
84 246
84 276
84 305
84 340
84 360
84 379
84 412
84 506
84 519
85 30
85 36
85 45
85 47
85 61
85 75
85 81
85 82
85 86
85 90
85 93
85 122
85 127
85 128
85 160
85 164
85 178
85 229
85 231
85 233
85 235
85 243
85 259
85 276
85 282
85 298
85 299
85 305
85 314
85 315
85 335
85 347
85 348
85 353
85 360
85 364
85 379
85 385
85 403
85 412
85 444
85 500
85 506
85 523
85 524
85 531
85 532
86 30
86 63
86 93
86 167
86 178
86 187
86 219
86 229
86 235
86 243
86 263
86 276
86 298
86 299
86 360
86 376
86 379
86 403
86 412
86 418
86 426
86 458
86 499
86 523
86 524
86 531
87 107
87 108
87 180
88 53
88 108
88 172
88 263
88 305
88 398
89 6
89 30
89 37
89 67
89 108
89 150
89 180
89 276
89 353
89 360
89 412
89 506
90 48
90 166
90 268
90 276
90 299
90 353
91 187
91 369
91 517
91 523
92 180
93 6
93 36
93 60
93 82
93 86
93 95
93 122
93 127
93 150
93 156
93 160
93 164
93 178
93 184
93 193
93 229
93 235
93 246
93 254
93 259
93 276
93 282
93 298
93 299
93 307
93 314
93 348
93 360
93 364
93 376
93 379
93 403
93 412
93 414
93 418
93 426
93 434
93 467
93 506
93 523
93 531
94 6
94 30
94 34
94 37
94 65
94 86
94 235
94 360
94 379
95 90
95 122
95 133
95 159
95 229
95 235
95 268
95 276
95 298
95 305
95 353
95 360
95 379
95 385
95 412
95 506
95 520
95 531
95 534
96 36
96 58
96 122
96 164
96 180
96 235
96 283
96 299
96 315
96 335
96 370
96 403
96 420
96 475
97 50
97 56
97 133
97 150
97 158
97 180
97 193
97 211
97 233
97 246
97 268
97 299
97 360
97 365
97 394
97 455
98 6
98 150
98 189
99 108
99 379
100 193
100 268
100 365
100 418
100 506
101 50
101 56
101 64
101 68
101 78
101 108
101 144
101 193
101 205
101 211
101 212
101 222
101 223
101 231
101 236
101 289
101 297
101 321
101 328
101 335
101 341
101 365
101 420
101 427
101 453
101 465
101 490
101 506
102 360
103 107
103 180
103 211
103 276
103 299
103 315
103 360
103 504
104 107
104 192
105 6
105 69
105 78
105 89
105 100
105 101
105 108
105 118
105 122
105 134
105 139
105 142
105 144
105 145
105 150
105 155
105 158
105 161
105 176
105 178
105 192
105 193
105 205
105 222
105 223
105 229
105 235
105 237
105 242
105 265
105 268
105 290
105 299
105 329
105 332
105 343
105 352
105 360
105 365
105 391
105 394
105 421
105 443
105 446
105 455
105 465
105 467
105 527
105 538
106 21
106 30
106 71
106 75
106 82
106 150
106 156
106 160
106 164
106 167
106 178
106 180
106 184
106 187
106 192
106 197
106 205
106 229
106 231
106 235
106 243
106 263
106 276
106 278
106 299
106 307
106 315
106 320
106 342
106 348
106 360
106 403
106 426
106 441
106 490
106 500
106 506
106 523
106 524
107 108
107 180
108 46
108 49
108 53
108 54
108 56
108 57
108 59
108 60
108 62
108 64
108 68
108 71
108 72
108 73
108 75
108 76
108 78
108 79
108 82
108 88
108 89
108 93
108 96
108 97
108 99
108 101
108 103
108 107
108 109
108 111
108 113
108 119
108 122
108 123
108 124
108 126
108 127
108 132
108 134
108 135
108 136
108 138
108 140
108 141
108 143
108 144
108 147
108 154
108 156
108 159
108 161
108 162
108 163
108 164
108 168
108 172
108 180
108 181
108 182
108 183
108 188
108 190
108 191
108 192
108 193
108 194
108 198
108 200
108 201
108 203
108 209
108 210
108 211
108 213
108 214
108 216
108 222
108 225
108 232
108 234
108 237
108 238
108 244
108 247
108 249
108 250
108 251
108 253
108 254
108 258
108 260
108 261
108 262
108 265
108 266
108 268
108 269
108 271
108 272
108 274
108 278
108 280
108 283
108 284
108 285
108 286
108 287
108 288
108 289
108 290
108 291
108 293
108 295
108 296
108 297
108 300
108 302
108 303
108 304
108 305
108 306
108 312
108 315
108 317
108 318
108 322
108 324
108 327
108 329
108 331
108 333
108 336
108 337
108 340
108 341
108 342
108 343
108 344
108 345
108 349
108 350
108 351
108 352
108 353
108 354
108 355
108 358
108 359
108 361
108 369
108 375
108 379
108 380
108 382
108 391
108 397
108 398
108 399
108 400
108 405
108 415
108 416
108 417
108 420
108 421
108 422
108 424
108 427
108 428
108 433
108 434
108 435
108 436
108 437
108 438
108 441
108 442
108 444
108 445
108 449
108 451
108 452
108 455
108 460
108 461
108 465
108 468
108 469
108 474
108 477
108 479
108 481
108 484
108 487
108 488
108 489
108 492
108 493
108 494
108 495
108 496
108 497
108 498
108 502
108 503
108 507
108 510
108 511
108 520
108 521
108 525
108 526
108 527
108 529
108 534
108 536
108 537
108 540
109 6
109 17
109 47
109 56
109 60
109 75
109 77
109 82
109 86
109 93
109 108
109 112
109 127
109 133
109 145
109 150
109 161
109 164
109 170
109 171
109 172
109 178
109 183
109 187
109 214
109 219
109 229
109 231
109 233
109 235
109 237
109 239
109 246
109 254
109 263
109 266
109 276
109 282
109 298
109 299
109 312
109 320
109 329
109 335
109 346
109 348
109 360
109 370
109 398
109 403
109 412
109 426
109 433
109 469
109 474
109 479
109 481
109 484
109 498
109 500
109 504
109 523
109 524
109 526
109 531
110 30
110 86
110 157
110 159
110 167
110 178
110 197
110 219
110 243
110 276
110 353
110 379
110 403
110 418
110 426
110 531
111 441
112 75
112 108
112 122
112 305
112 523
113 37
113 78
113 108
113 128
113 134
113 144
113 155
113 193
113 211
113 229
113 235
113 268
113 297
113 299
113 335
113 452
113 505
114 274
115 476
116 122
116 171
116 176
116 235
116 268
116 353
116 360
116 532
117 36
117 56
117 70
117 95
117 133
117 164
117 181
117 205
117 226
117 229
117 235
117 290
117 299
117 305
117 315
117 406
117 420
117 506
118 167
118 180
118 193
118 235
118 254
118 299
118 315
118 335
118 365
119 107
119 108
119 180
119 211
119 212
119 235
119 244
119 305
119 510
120 180
120 299
120 384
120 532
121 108
121 180
121 205
121 403
122 95
122 108
122 150
122 180
122 197
122 229
122 235
122 266
122 268
122 299
122 360
122 523
123 31
123 150
123 360
123 379
123 420
123 506
124 17
124 21
124 30
124 31
124 41
124 45
124 47
124 56
124 61
124 75
124 81
124 82
124 85
124 86
124 90
124 93
124 105
124 108
124 109
124 114
124 117
124 119
124 122
124 125
124 127
124 128
124 133
124 148
124 160
124 164
124 167
124 168
124 170
124 171
124 175
124 176
124 178
124 183
124 188
124 189
124 190
124 192
124 193
124 198
124 203
124 206
124 211
124 225
124 229
124 232
124 233
124 234
124 235
124 236
124 241
124 248
124 254
124 264
124 268
124 271
124 276
124 282
124 297
124 298
124 299
124 304
124 312
124 317
124 335
124 340
124 341
124 342
124 343
124 345
124 347
124 348
124 349
124 351
124 352
124 353
124 360
124 364
124 372
124 379
124 385
124 397
124 412
124 415
124 424
124 429
124 434
124 435
124 437
124 442
124 455
124 466
124 467
124 474
124 475
124 482
124 492
124 498
124 521
124 523
124 524
124 529
124 531
124 532
125 60
125 123
125 226
125 235
125 299
125 348
125 360
126 108
126 144
126 179
126 244
126 297
126 299
126 319
126 474
126 499
126 506
127 36
127 108
127 229
127 235
127 305
127 335
128 45
128 50
128 75
128 235
128 276
128 299
128 312
128 412
128 499
128 532
129 21
129 45
129 50
129 54
129 75
129 81
129 82
129 83
129 122
129 127
129 128
129 156
129 175
129 189
129 229
129 232
129 233
129 235
129 278
129 299
129 312
129 347
129 420
129 434
129 442
129 463
129 474
129 523
129 524
130 31
130 444
131 192
132 86
132 108
132 192
132 360
133 6
133 30
133 65
133 75
133 77
133 81
133 83
133 86
133 108
133 117
133 122
133 145
133 160
133 164
133 166
133 174
133 180
133 195
133 199
133 219
133 226
133 229
133 233
133 235
133 237
133 239
133 268
133 276
133 283
133 299
133 304
133 305
133 315
133 340
133 342
133 347
133 348
133 353
133 360
133 368
133 370
133 379
133 382
133 403
133 410
133 412
133 445
133 482
133 499
133 523
133 531
133 532
134 56
134 180
134 205
134 226
134 305
134 365
134 379
134 506
135 268
135 299
136 45
136 54
136 67
136 93
136 108
136 144
136 150
136 188
136 193
136 197
136 229
136 235
136 276
136 299
136 360
136 379
136 385
136 406
136 455
136 466
136 517
137 54
137 90
137 150
137 164
137 239
137 353
137 364
137 379
137 385
138 81
138 137
138 205
138 212
138 231
138 266
138 383
139 6
139 28
139 30
139 45
139 60
139 61
139 70
139 81
139 83
139 86
139 90
139 93
139 105
139 108
139 109
139 117
139 122
139 123
139 125
139 128
139 133
139 140
139 150
139 152
139 164
139 170
139 171
139 174
139 178
139 180
139 193
139 194
139 205
139 211
139 229
139 231
139 235
139 237
139 240
139 243
139 246
139 254
139 264
139 268
139 276
139 282
139 294
139 297
139 298
139 299
139 312
139 314
139 320
139 328
139 335
139 340
139 342
139 347
139 348
139 353
139 360
139 365
139 385
139 386
139 403
139 412
139 420
139 434
139 444
139 466
139 474
139 475
139 482
139 490
139 499
139 504
139 506
139 517
139 523
139 524
139 531
139 532
140 108
140 180
140 192
140 205
140 210
140 211
140 235
140 276
140 299
140 335
141 108
141 211
142 150
142 180
142 203
142 205
142 226
142 231
142 274
142 321
142 379
142 506
142 532
143 56
143 108
143 114
143 122
143 150
143 180
143 187
143 205
143 212
143 231
143 234
143 235
143 257
143 263
143 266
143 268
143 274
143 299
143 320
143 353
143 360
143 403
143 420
143 442
143 481
143 506
143 521
143 532
144 365
145 34
145 54
145 60
145 82
145 86
145 105
145 109
145 122
145 133
145 193
145 199
145 205
145 229
145 231
145 235
145 237
145 246
145 248
145 254
145 263
145 276
145 298
145 299
145 315
145 335
145 365
145 403
145 426
145 474
145 490
145 500
145 506
145 523
145 524
145 531
145 532
146 192
147 108
147 403
147 484
147 532
148 108
148 117
148 122
148 128
148 180
148 231
148 232
148 254
148 276
148 299
148 335
148 352
148 360
148 403
148 426
148 428
148 490
148 523
148 532
149 58
149 60
149 93
149 150
149 167
149 178
149 180
149 187
149 235
149 299
149 470
149 521
150 50
150 58
150 60
150 75
150 86
150 93
150 109
150 164
150 178
150 187
150 233
150 235
150 239
150 246
150 266
150 276
150 282
150 299
150 320
150 335
150 360
150 403
150 412
150 500
150 506
150 517
150 531
151 60
151 61
151 75
151 81
151 82
151 109
151 122
151 127
151 164
151 180
151 192
151 214
151 219
151 234
151 235
151 237
151 239
151 276
151 315
151 353
151 364
151 500
151 506
151 523
151 534
152 17
152 21
152 45
152 47
152 68
152 83
152 114
152 128
152 133
152 139
152 158
152 170
152 172
152 180
152 206
152 233
152 235
152 237
152 299
152 312
152 336
152 403
152 413
152 420
152 433
152 442
152 461
152 466
152 500
152 532
153 180
154 6
154 21
154 45
154 56
154 75
154 85
154 86
154 108
154 122
154 128
154 160
154 164
154 171
154 178
154 180
154 184
154 205
154 219
154 229
154 235
154 239
154 254
154 259
154 263
154 276
154 282
154 312
154 315
154 360
154 379
154 412
154 418
154 444
154 466
154 499
154 506
154 521
154 523
154 524
154 531
155 122
155 193
155 226
155 229
155 235
155 268
155 274
155 276
155 299
155 365
155 383
155 446
156 86
156 150
156 233
156 428
156 523
157 6
157 122
157 128
157 233
157 235
157 353
158 21
158 37
158 45
158 68
158 83
158 86
158 97
158 133
158 140
158 142
158 152
158 172
158 180
158 193
158 226
158 229
158 231
158 233
158 235
158 246
158 276
158 305
158 315
158 321
158 328
158 336
158 353
158 360
158 365
158 379
158 433
158 499
158 500
158 506
158 532
159 6
159 36
159 37
159 45
159 47
159 49
159 61
159 75
159 81
159 82
159 85
159 86
159 90
159 93
159 95
159 108
159 122
159 124
159 127
159 156
159 160
159 164
159 167
159 168
159 178
159 183
159 184
159 188
159 189
159 193
159 194
159 197
159 229
159 233
159 234
159 235
159 239
159 243
159 246
159 248
159 259
159 264
159 268
159 276
159 297
159 298
159 299
159 305
159 310
159 314
159 315
159 317
159 320
159 335
159 352
159 353
159 357
159 360
159 364
159 379
159 385
159 397
159 400
159 403
159 412
159 424
159 434
159 452
159 466
159 474
159 490
159 500
159 506
159 521
159 523
159 524
159 531
160 6
160 30
160 122
160 184
160 229
160 235
160 243
160 259
160 299
160 315
160 335
160 348
160 379
160 403
160 412
160 523
160 524
160 531
161 82
161 108
161 109
161 122
161 171
161 235
161 246
161 276
161 305
161 320
161 353
161 359
161 360
161 364
161 365
161 524
161 532
162 95
162 108
162 180
162 229
162 235
162 276
162 342
162 360
162 412
162 524
162 532
163 37
163 95
163 108
163 122
163 144
163 150
163 180
163 229
163 233
163 235
163 239
163 266
163 276
163 377
163 466
163 506
164 30
164 108
164 133
164 226
164 239
164 412
164 475
164 499
165 86
165 90
165 180
165 229
165 246
165 268
165 299
165 360
165 379
165 383
165 385
165 506
165 532
166 21
166 31
166 34
166 47
166 61
166 95
166 122
166 123
166 125
166 133
166 171
166 180
166 205
166 211
166 226
166 235
166 254
166 266
166 276
166 299
166 315
166 342
166 353
166 360
166 364
166 379
166 412
166 466
166 500
166 506
166 523
166 524
166 534
167 45
167 47
167 81
167 178
167 181
167 239
167 486
168 64
168 108
168 110
168 122
168 134
168 180
168 205
168 276
168 286
168 506
169 86
169 133
169 150
169 180
169 219
169 234
169 235
169 239
169 259
169 268
169 315
169 360
169 403
169 426
170 17
170 36
170 60
170 71
170 75
170 122
170 152
170 156
170 183
170 268
170 297
170 299
170 312
170 420
170 433
170 442
170 506
171 90
171 133
171 360
171 499
171 500
172 45
172 47
172 53
172 56
172 61
172 67
172 78
172 85
172 86
172 90
172 93
172 108
172 109
172 117
172 122
172 133
172 144
172 152
172 158
172 174
172 180
172 187
172 194
172 197
172 205
172 226
172 229
172 231
172 233
172 235
172 239
172 246
172 268
172 276
172 282
172 299
172 305
172 315
172 320
172 335
172 340
172 346
172 347
172 353
172 360
172 379
172 385
172 397
172 403
172 412
172 420
172 426
172 444
172 466
172 481
172 498
172 506
172 517
172 523
172 524
172 531
172 532
173 50
173 56
173 226
173 291
173 299
173 360
174 36
174 80
174 83
174 86
174 90
174 91
174 96
174 97
174 107
174 127
174 133
174 144
174 156
174 164
174 187
174 189
174 190
174 192
174 194
174 195
174 201
174 206
174 214
174 229
174 231
174 235
174 236
174 243
174 246
174 263
174 266
174 268
174 269
174 274
174 276
174 299
174 314
174 320
174 336
174 348
174 353
174 360
174 364
174 376
174 382
174 385
174 403
174 405
174 418
174 442
174 458
174 467
174 498
174 500
174 504
174 505
174 506
174 510
174 517
174 521
174 523
174 529
174 531
175 540
176 86
176 108
176 122
176 178
176 193
176 226
176 235
176 360
176 365
176 524
177 108
177 427
178 93
178 180
178 235
178 335
178 379
179 201
179 298
179 523
180 259
181 50
181 211
181 299
182 68
182 86
182 108
182 183
182 286
182 297
183 45
183 56
183 61
183 83
183 86
183 108
183 109
183 122
183 124
183 133
183 159
183 171
183 180
183 188
183 205
183 211
183 229
183 235
183 236
183 237
183 268
183 276
183 297
183 299
183 312
183 315
183 320
183 335
183 341
183 347
183 360
183 364
183 379
183 385
183 403
183 433
183 434
183 437
183 442
183 444
183 466
183 467
183 481
183 499
183 506
183 521
183 524
183 532
183 540
184 30
184 86
184 160
184 167
184 219
184 235
184 243
184 259
184 276
184 298
184 315
184 412
184 418
184 500
184 506
184 523
184 524
184 532
185 6
185 36
185 114
185 150
185 160
185 243
185 364
185 444
186 360
186 532
187 86
187 167
187 231
187 235
187 276
187 320
188 34
188 47
188 81
188 90
188 93
188 108
188 124
188 127
188 156
188 160
188 178
188 184
188 192
188 193
188 229
188 234
188 235
188 254
188 276
188 293
188 298
188 317
188 335
188 341
188 352
188 353
188 360
188 379
188 403
188 438
188 454
188 500
188 521
188 532
189 75
189 122
189 335
189 467
189 474
189 490
189 523
189 532
190 92
190 108
190 144
190 164
190 180
190 187
190 192
190 214
190 231
190 235
190 320
190 403
190 506
191 108
191 180
191 353
191 360
191 379
193 47
193 48
193 59
193 83
193 88
193 89
193 93
193 96
193 100
193 101
193 105
193 108
193 113
193 118
193 122
193 124
193 125
193 134
193 136
193 139
193 145
193 158
193 159
193 164
193 178
193 180
193 189
193 192
193 194
193 197
193 222
193 223
193 229
193 230
193 235
193 254
193 264
193 268
193 271
193 272
193 282
193 285
193 303
193 305
193 318
193 328
193 329
193 331
193 335
193 343
193 346
193 352
193 360
193 361
193 364
193 365
193 385
193 386
193 391
193 394
193 403
193 406
193 434
193 436
193 437
193 438
193 443
193 444
193 451
193 455
193 467
193 474
193 481
193 484
193 495
193 498
193 506
193 516
193 520
193 525
193 527
193 529
193 532
194 36
194 47
194 51
194 63
194 67
194 96
194 108
194 122
194 159
194 166
194 171
194 188
194 192
194 193
194 197
194 205
194 219
194 225
194 229
194 235
194 239
194 264
194 266
194 268
194 283
194 297
194 314
194 347
194 360
194 388
194 396
194 403
194 417
194 420
194 435
194 455
194 466
194 498
194 506
194 512
194 529
195 75
195 86
195 133
195 171
195 174
195 192
195 235
195 276
195 369
195 403
195 499
195 506
195 531
195 532
196 180
196 379
197 86
197 122
197 193
197 229
197 235
197 315
197 360
197 364
197 499
197 524
198 108
198 205
198 235
198 498
199 235
199 506
200 108
200 180
200 299
200 345
200 353
200 364
201 95
201 108
201 117
201 122
201 144
201 164
201 180
201 229
201 235
201 276
201 299
201 315
201 342
201 353
201 357
201 360
201 385
201 398
201 412
201 454
201 521
201 523
201 532
202 180
202 192
202 231
202 235
202 315
203 205
203 299
203 493
203 497
203 506
204 45
204 47
204 75
204 81
204 82
204 86
204 122
204 133
204 150
204 164
204 167
204 187
204 233
204 263
204 282
204 320
204 370
204 403
204 466
204 517
205 12
205 46
205 56
205 59
205 64
205 68
205 69
205 71
205 75
205 78
205 79
205 100
205 101
205 105
205 106
205 117
205 134
205 138
205 139
205 140
205 142
205 143
205 144
205 145
205 150
205 154
205 166
205 168
205 172
205 183
205 189
205 192
205 193
205 194
205 198
205 203
205 210
205 216
205 223
205 225
205 227
205 231
205 232
205 235
205 236
205 242
205 244
205 245
205 253
205 258
205 261
205 268
205 270
205 271
205 272
205 274
205 284
205 285
205 286
205 297
205 302
205 308
205 318
205 320
205 328
205 335
205 336
205 340
205 341
205 344
205 346
205 349
205 350
205 359
205 368
205 380
205 386
205 391
205 400
205 404
205 407
205 413
205 415
205 417
205 428
205 433
205 437
205 441
205 443
205 452
205 453
205 463
205 465
205 479
205 493
205 497
205 507
205 510
205 514
205 527
205 529
205 530
205 532
205 538
205 540
206 83
206 164
206 180
206 233
206 442
207 36
207 64
207 67
207 253
207 276
207 299
207 360
207 500
207 504
207 507
207 532
207 538
208 50
208 81
208 122
208 150
208 171
208 187
208 219
208 231
208 235
208 239
208 276
208 282
208 297
208 298
208 299
208 347
208 348
208 353
208 360
208 379
208 412
209 108
210 93
210 108
210 140
210 150
210 154
210 180
210 205
210 211
210 237
210 254
210 264
210 317
210 335
210 378
210 433
210 506
211 108
211 268
211 335
211 342
211 467
212 46
212 72
212 92
212 101
212 107
212 123
212 138
212 142
212 143
212 223
212 300
212 341
212 360
212 365
212 400
212 415
212 433
212 437
212 443
212 537
212 540
213 84
213 86
213 117
213 127
213 133
213 171
213 180
213 192
213 229
213 235
213 239
213 276
213 323
213 360
213 379
213 457
213 517
214 50
214 95
214 122
214 150
214 235
214 268
214 299
214 360
214 438
215 229
216 108
216 180
216 187
216 192
216 194
216 205
216 211
216 231
216 235
216 299
216 312
216 360
216 379
216 442
216 481
216 506
217 276
218 86
218 128
218 229
218 243
218 259
218 276
218 299
218 360
218 412
218 458
218 506
218 531
218 532
219 50
219 239
220 75
220 82
221 45
221 83
221 128
221 152
221 164
221 180
221 189
221 205
221 210
221 235
221 312
221 433
221 506
221 532
221 540
222 36
222 50
222 108
222 180
222 211
222 235
222 239
222 365
223 75
223 95
223 105
223 144
223 193
223 205
223 229
223 235
223 315
223 360
223 364
223 365
223 370
223 465
223 524
224 6
224 45
224 75
224 82
224 108
224 128
224 159
224 180
224 229
224 231
224 235
224 239
224 259
224 276
224 287
224 299
224 320
224 353
224 360
224 379
224 403
224 442
224 461
224 506
224 523
225 60
225 67
225 95
225 108
225 122
225 180
225 201
225 205
225 229
225 235
225 246
225 276
225 299
225 360
225 377
225 378
225 379
226 17
226 38
226 46
226 59
226 68
226 78
226 97
226 117
226 125
226 133
226 134
226 135
226 139
226 142
226 144
226 155
226 158
226 166
226 172
226 173
226 176
226 223
226 242
226 244
226 261
226 304
226 317
226 321
226 328
226 336
226 340
226 347
226 361
226 382
226 415
226 424
226 479
226 482
226 540
227 50
227 108
227 187
227 205
227 206
227 235
227 282
227 305
227 320
227 403
227 426
228 75
228 81
228 82
228 127
228 128
228 156
228 164
228 214
228 235
228 243
228 244
228 276
228 282
228 305
228 320
228 348
228 360
228 403
228 414
228 418
228 466
228 490
228 506
228 523
229 6
229 30
229 45
229 63
229 67
229 86
229 90
229 95
229 108
229 109
229 117
229 122
229 127
229 136
229 155
229 159
229 160
229 162
229 178
229 184
229 187
229 188
229 193
229 197
229 213
229 235
229 259
229 268
229 270
229 276
229 282
229 294
229 299
229 303
229 305
229 315
229 329
229 335
229 337
229 343
229 347
229 348
229 353
229 360
229 364
229 378
229 379
229 385
229 403
229 412
229 434
229 438
229 455
229 458
229 467
229 494
229 495
229 523
229 524
229 531
229 532
229 534
230 193
230 246
230 298
230 299
230 348
230 360
231 108
231 205
231 235
231 276
231 315
231 320
231 344
231 403
231 499
231 530
232 17
232 17
232 21
232 21
232 36
232 36
232 45
232 45
232 47
232 47
232 65
232 75
232 75
232 86
232 86
232 108
232 108
232 122
232 122
232 128
232 128
232 144
232 144
232 150
232 150
232 167
232 167
232 171
232 171
232 180
232 180
232 205
232 205
232 231
232 231
232 232
232 233
232 233
232 235
232 235
232 263
232 263
232 266
232 266
232 268
232 268
232 297
232 297
232 299
232 299
232 312
232 312
232 315
232 315
232 320
232 320
232 335
232 335
232 341
232 341
232 342
232 360
232 360
232 385
232 385
232 403
232 403
232 412
232 412
232 418
232 418
232 474
232 474
232 523
232 523
232 531
232 531
232 532
232 532
233 17
233 31
233 36
233 45
233 47
233 60
233 83
233 95
233 122
233 128
233 157
233 164
233 171
233 206
233 229
233 231
233 234
233 235
233 239
233 254
233 264
233 266
233 268
233 276
233 299
233 312
233 315
233 323
233 335
233 347
233 353
233 360
233 377
233 378
233 379
233 403
233 420
233 455
233 499
233 512
233 532
234 30
234 167
234 201
234 268
234 282
234 305
234 335
234 532
234 534
235 6
235 21
235 30
235 34
235 36
235 37
235 45
235 61
235 63
235 75
235 81
235 82
235 85
235 93
235 95
235 109
235 122
235 127
235 128
235 150
235 156
235 159
235 160
235 164
235 167
235 178
235 180
235 184
235 187
235 189
235 197
235 214
235 219
235 228
235 229
235 231
235 234
235 239
235 243
235 259
235 268
235 276
235 298
235 299
235 305
235 307
235 315
235 320
235 347
235 348
235 360
235 364
235 379
235 385
235 403
235 412
235 418
235 426
235 466
235 490
235 499
235 506
235 523
235 524
235 531
236 59
236 174
236 183
236 189
236 192
236 203
236 205
236 237
236 243
236 254
236 263
236 264
236 266
236 268
236 299
236 312
236 335
236 352
236 360
236 490
236 506
236 532
237 47
237 60
237 75
237 77
237 93
237 122
237 124
237 128
237 133
237 139
237 150
237 159
237 194
237 225
237 236
237 254
237 268
237 276
237 312
237 341
237 353
237 412
237 420
237 484
237 492
237 500
237 524
238 31
238 36
238 51
238 84
238 86
238 93
238 119
238 122
238 133
238 144
238 162
238 168
238 171
238 174
238 180
238 183
238 211
238 229
238 235
238 239
238 272
238 298
238 305
238 317
238 335
238 341
238 353
238 360
238 379
238 403
238 412
238 466
238 471
238 484
238 498
238 506
238 523
238 531
238 532
239 6
239 30
239 50
239 75
239 86
239 133
239 164
239 167
239 214
239 235
239 276
239 298
239 305
239 315
239 347
239 360
239 403
239 412
239 499
239 506
239 523
239 524
239 531
239 532
240 170
241 36
241 45
241 82
241 85
241 90
241 108
241 122
241 124
241 133
241 150
241 157
241 180
241 229
241 231
241 235
241 239
241 259
241 276
241 299
241 315
241 348
241 353
241 357
241 360
241 379
241 403
241 412
241 490
241 506
241 532
242 56
242 150
242 211
242 226
242 299
242 335
242 360
242 365
242 420
242 506
243 6
243 30
243 36
243 82
243 86
243 127
243 128
243 156
243 160
243 164
243 167
243 178
243 184
243 187
243 235
243 282
243 315
243 335
243 348
243 352
243 364
243 376
243 379
243 403
243 418
243 426
243 500
243 506
243 523
243 524
243 531
244 68
244 111
244 119
244 126
244 136
244 141
244 144
244 189
244 226
244 228
244 284
244 293
244 299
244 304
244 324
244 477
244 482
244 511
244 522
245 205
245 231
245 506
246 276
246 403
247 108
247 506
248 21
248 305
249 56
249 108
249 180
249 229
249 246
249 517
250 108
250 180
250 211
250 235
250 283
250 360
250 385
250 484
251 108
251 133
251 229
251 360
251 398
252 192
253 205
253 420
254 36
254 45
254 108
254 109
254 128
254 164
254 235
254 237
254 276
254 299
254 305
254 312
254 335
254 348
254 352
254 360
254 364
254 444
254 506
254 532
255 21
255 45
255 81
255 167
255 181
255 185
255 268
255 294
255 297
255 407
255 517
256 67
256 137
256 184
256 235
256 315
256 360
256 379
256 466
256 517
257 180
257 254
258 108
258 162
258 180
258 205
258 235
258 335
260 108
260 211
261 45
261 108
261 150
261 171
261 180
261 205
261 226
261 229
261 233
261 235
261 246
261 276
261 298
261 299
261 315
261 317
261 347
261 353
261 360
261 379
261 385
261 506
261 532
262 180
262 276
263 80
263 81
263 86
263 122
263 127
263 128
263 156
263 167
263 174
263 187
263 229
263 231
263 233
263 235
263 266
263 276
263 282
263 299
263 320
263 403
263 418
263 474
263 490
263 499
264 45
264 60
264 81
264 159
264 164
264 188
264 193
264 229
264 254
264 268
264 297
264 305
264 307
264 335
264 343
264 360
264 420
264 512
264 532
265 47
265 180
265 299
265 312
265 365
266 138
266 343
267 56
267 83
267 122
267 175
267 180
267 189
267 194
267 247
267 266
267 276
267 299
267 341
267 360
267 469
267 474
267 506
267 532
268 36
268 39
268 47
268 61
268 63
268 67
268 72
268 77
268 80
268 81
268 82
268 89
268 93
268 95
268 97
268 100
268 108
268 109
268 113
268 114
268 122
268 141
268 143
268 144
268 155
268 156
268 164
268 170
268 174
268 178
268 180
268 183
268 193
268 194
268 199
268 205
268 211
268 212
268 225
268 229
268 231
268 233
268 235
268 245
268 248
268 254
268 264
268 266
268 276
268 278
268 282
268 294
268 297
268 299
268 307
268 315
268 320
268 324
268 335
268 337
268 341
268 353
268 359
268 360
268 365
268 385
268 400
268 403
268 412
268 414
268 417
268 432
268 433
268 434
268 436
268 438
268 441
268 444
268 450
268 451
268 452
268 455
268 466
268 467
268 474
268 475
268 481
268 490
268 498
268 504
268 505
268 521
268 523
268 524
268 529
268 532
268 534
269 108
270 6
270 47
270 50
270 63
270 75
270 81
270 86
270 95
270 122
270 133
270 150
270 164
270 167
270 171
270 187
270 192
270 205
270 229
270 231
270 233
270 234
270 235
270 239
270 254
270 266
270 276
270 282
270 298
270 299
270 305
270 312
270 320
270 344
270 360
270 378
270 418
270 426
270 474
270 475
270 481
270 490
270 506
270 517
270 524
270 531
270 532
271 71
271 82
271 93
271 108
271 122
271 134
271 164
271 167
271 180
271 187
271 192
271 205
271 211
271 219
271 229
271 231
271 233
271 235
271 263
271 276
271 299
271 320
271 360
271 379
271 385
271 403
271 426
271 434
271 481
271 506
271 521
271 523
271 524
271 531
271 532
272 56
272 107
272 108
272 205
272 211
273 108
273 121
273 180
273 198
273 235
273 254
273 426
273 438
273 474
273 506
273 521
274 47
274 53
274 58
274 60
274 61
274 82
274 97
274 107
274 108
274 114
274 124
274 128
274 144
274 155
274 174
274 180
274 185
274 199
274 205
274 231
274 235
274 266
274 268
274 284
274 291
274 295
274 299
274 304
274 308
274 312
274 315
274 323
274 333
274 347
274 352
274 364
274 391
274 396
274 405
274 407
274 414
274 433
274 438
274 461
274 482
274 490
274 492
274 505
274 506
274 510
274 511
274 523
274 527
275 30
275 32
275 160
275 229
275 235
275 315
275 348
275 364
275 458
275 495
276 30
276 67
276 108
276 125
276 133
276 140
276 156
276 167
276 180
276 218
276 219
276 229
276 239
276 246
276 320
276 348
276 360
276 377
276 379
276 499
276 506
276 517
277 67
277 81
277 86
277 95
277 122
277 133
277 180
277 214
277 219
277 229
277 239
277 243
277 246
277 276
277 299
277 379
277 412
277 466
277 506
277 517
277 532
278 128
279 86
279 108
279 109
279 171
279 180
279 205
279 229
279 230
279 234
279 254
279 297
279 353
279 360
279 364
279 378
279 403
279 506
279 531
279 532
280 108
280 180
280 343
281 167
281 239
282 234
282 276
282 305
283 108
283 235
283 239
283 420
283 532
284 205
284 315
284 506
285 6
285 50
285 67
285 81
285 108
285 117
285 174
285 180
285 184
285 193
285 205
285 211
285 229
285 234
285 235
285 239
285 246
285 268
285 276
285 297
285 299
285 315
285 341
285 360
285 365
285 379
285 383
285 403
285 444
285 466
285 487
285 490
285 506
285 524
285 532
286 56
286 107
286 108
286 114
286 175
286 182
286 205
286 291
286 321
286 420
286 506
286 510
286 540
287 30
287 64
287 108
287 128
287 233
287 235
287 299
287 323
287 360
287 378
287 517
287 532
288 108
288 353
289 50
289 56
289 101
289 107
289 108
289 157
289 180
289 205
289 211
289 300
289 341
289 400
289 420
290 71
290 90
290 93
290 108
290 150
290 180
290 194
290 211
290 298
290 315
290 317
290 365
290 377
290 378
290 466
290 481
290 495
290 499
291 6
291 30
291 36
291 45
291 49
291 60
291 61
291 63
291 67
291 75
291 81
291 85
291 86
291 91
291 108
291 109
291 114
291 122
291 128
291 133
291 150
291 156
291 157
291 164
291 167
291 171
291 173
291 178
291 180
291 184
291 188
291 194
291 211
291 229
291 231
291 233
291 235
291 237
291 243
291 246
291 247
291 254
291 263
291 268
291 272
291 276
291 282
291 286
291 298
291 299
291 302
291 312
291 320
291 335
291 347
291 348
291 360
291 361
291 364
291 370
291 385
291 391
291 403
291 412
291 420
291 421
291 423
291 426
291 433
291 434
291 442
291 462
291 500
291 504
291 506
291 507
291 521
291 523
291 524
291 528
291 531
291 532
292 34
292 167
292 178
292 180
292 235
292 259
292 315
292 379
292 403
293 54
293 127
293 150
293 157
293 194
293 211
293 219
293 335
293 420
293 512
293 532
294 36
294 81
294 123
294 156
294 266
294 268
294 282
294 297
294 307
294 347
295 45
295 81
295 108
295 114
295 144
295 211
295 264
295 312
295 446
295 494
296 108
296 180
296 231
296 235
296 315
296 523
297 56
297 81
297 108
297 122
297 128
297 205
297 211
297 229
297 237
297 266
297 268
297 294
297 299
297 312
297 314
297 335
297 337
297 348
297 360
297 403
297 467
297 475
297 506
297 512
297 523
297 531
297 532
298 6
298 21
298 30
298 61
298 63
298 75
298 86
298 109
298 160
298 164
298 167
298 187
298 219
298 235
298 243
298 259
298 276
298 315
298 347
298 348
298 412
298 500
298 517
298 523
298 524
298 531
299 45
299 50
299 63
299 95
299 122
299 128
299 140
299 229
299 233
299 235
299 237
299 246
299 268
299 276
299 312
299 315
299 360
299 375
299 412
299 491
299 512
299 523
299 532
299 534
300 56
300 58
300 96
300 107
300 108
300 128
300 150
300 175
300 205
300 210
300 211
300 244
300 265
300 289
300 403
300 461
301 171
301 239
301 379
302 6
302 36
302 60
302 75
302 86
302 108
302 150
302 156
302 178
302 183
302 205
302 214
302 219
302 231
302 235
302 239
302 246
302 268
302 276
302 282
302 291
302 299
302 315
302 320
302 348
302 352
302 360
302 364
302 385
302 412
302 418
302 426
302 499
302 506
302 524
302 531
302 532
303 67
303 86
303 93
303 108
303 122
303 136
303 178
303 180
303 184
303 188
303 189
303 193
303 197
303 229
303 231
303 233
303 235
303 259
303 266
303 268
303 276
303 282
303 299
303 305
303 360
303 364
303 379
303 385
303 403
303 412
303 426
303 455
303 466
303 496
303 518
303 523
303 524
304 68
304 107
304 108
304 114
304 124
304 133
304 144
304 160
304 176
304 180
304 219
304 226
304 235
304 239
304 244
304 254
304 282
304 299
304 312
304 317
304 347
304 498
304 507
304 524
304 526
304 532
305 50
305 75
305 81
305 122
305 125
305 128
305 133
305 229
305 231
305 234
305 235
305 239
305 276
305 315
305 412
305 531
306 108
306 246
306 405
307 45
307 86
307 93
307 150
307 164
307 170
307 171
307 178
307 180
307 229
307 231
307 235
307 263
307 264
307 268
307 315
307 320
307 360
307 506
307 521
307 524
307 531
307 532
308 100
308 114
308 180
308 481
308 506
309 36
309 50
309 67
309 86
309 122
309 157
309 159
309 229
309 235
309 248
309 299
309 315
309 360
309 379
309 403
310 299
311 107
311 192
311 235
311 299
312 17
312 45
312 47
312 68
312 75
312 108
312 122
312 128
312 140
312 152
312 154
312 170
312 183
312 206
312 210
312 233
312 235
312 236
312 237
312 246
312 254
312 266
312 276
312 295
312 297
312 299
312 335
312 341
312 352
312 360
312 420
312 424
312 433
312 434
312 442
312 467
312 490
312 499
312 506
312 512
312 523
312 532
313 180
313 433
314 45
314 47
314 50
314 51
314 59
314 60
314 63
314 75
314 81
314 85
314 86
314 89
314 93
314 122
314 124
314 134
314 139
314 152
314 157
314 159
314 160
314 171
314 174
314 184
314 192
314 194
314 229
314 233
314 235
314 246
314 254
314 268
314 276
314 282
314 290
314 294
314 297
314 299
314 303
314 315
314 320
314 331
314 347
314 353
314 360
314 364
314 383
314 396
314 400
314 403
314 412
314 441
314 461
314 465
314 466
314 467
314 498
314 499
314 504
314 506
314 524
314 532
315 235
315 276
315 299
315 517
315 524
316 61
316 276
316 299
316 315
316 360
317 34
317 36
317 47
317 63
317 75
317 81
317 82
317 85
317 86
317 90
317 93
317 108
317 111
317 122
317 124
317 128
317 137
317 150
317 160
317 164
317 171
317 178
317 180
317 183
317 188
317 201
317 219
317 226
317 229
317 233
317 235
317 238
317 239
317 254
317 259
317 261
317 264
317 276
317 282
317 290
317 299
317 304
317 305
317 315
317 331
317 335
317 341
317 347
317 348
317 352
317 353
317 355
317 359
317 360
317 370
317 379
317 385
317 403
317 412
317 415
317 424
317 426
317 428
317 438
317 466
317 467
317 474
317 490
317 499
317 504
317 506
317 517
317 521
317 523
317 532
318 45
318 47
318 54
318 75
318 81
318 82
318 86
318 108
318 109
318 128
318 178
318 183
318 193
318 205
318 219
318 229
318 231
318 233
318 235
318 239
318 246
318 259
318 268
318 276
318 299
318 315
318 340
318 352
318 370
318 372
318 377
318 403
318 412
318 420
318 444
318 466
318 474
318 490
318 500
318 504
318 506
318 517
318 523
318 524
318 530
318 531
319 312
320 21
320 36
320 47
320 54
320 58
320 75
320 80
320 81
320 82
320 86
320 128
320 138
320 143
320 150
320 156
320 164
320 171
320 174
320 187
320 189
320 190
320 205
320 206
320 214
320 219
320 224
320 227
320 228
320 231
320 232
320 235
320 266
320 268
320 270
320 276
320 282
320 299
320 305
320 312
320 323
320 341
320 348
320 372
320 403
320 413
320 418
320 426
320 441
320 442
320 474
320 490
320 494
320 499
320 506
320 523
320 531
321 45
321 68
321 86
321 101
321 107
321 128
321 142
321 150
321 158
321 180
321 211
321 226
321 229
321 235
321 239
321 255
321 276
321 286
321 299
321 305
321 315
321 325
321 360
321 378
321 379
321 397
321 499
321 506
321 532
322 107
322 108
322 180
322 360
322 379
322 400
322 403
323 45
323 71
323 75
323 78
323 81
323 86
323 114
323 122
323 160
323 167
323 174
323 184
323 187
323 189
323 192
323 213
323 229
323 233
323 235
323 236
323 276
323 297
323 299
323 312
323 320
323 360
323 379
323 498
323 506
323 524
323 532
324 108
325 276
325 315
326 45
326 56
326 254
326 276
326 397
326 420
326 434
326 484
327 6
327 9
327 39
327 45
327 54
327 71
327 75
327 86
327 108
327 122
327 128
327 164
327 180
327 229
327 235
327 276
327 282
327 293
327 297
327 299
327 320
327 342
327 353
327 360
327 385
327 396
327 444
327 487
327 506
327 513
327 523
327 524
327 531
327 532
328 205
328 226
328 424
328 506
329 81
329 95
329 108
329 109
329 117
329 122
329 144
329 171
329 187
329 193
329 229
329 268
329 276
329 299
329 305
329 342
329 353
329 359
329 360
329 365
329 379
329 532
330 180
330 360
331 108
331 299
331 365
331 403
332 331
333 56
333 108
333 114
333 231
333 239
333 299
333 320
334 299
335 6
335 30
335 34
335 36
335 75
335 81
335 82
335 86
335 93
335 109
335 122
335 127
335 128
335 150
335 156
335 160
335 164
335 171
335 178
335 183
335 184
335 189
335 229
335 231
335 233
335 235
335 243
335 254
335 264
335 282
335 298
335 299
335 305
335 312
335 348
335 352
335 360
335 364
335 385
335 403
335 412
335 437
335 444
335 458
335 467
335 475
335 490
335 523
335 524
335 531
335 532
336 50
336 68
336 107
336 108
336 164
336 205
336 211
336 226
336 235
336 282
336 295
337 36
337 82
337 108
337 122
337 205
337 211
337 226
337 229
337 235
337 268
337 276
337 412
337 499
337 506
337 523
337 532
338 45
338 133
338 229
338 235
338 237
338 239
338 276
338 312
339 68
339 107
339 442
340 84
340 86
340 95
340 108
340 122
340 133
340 140
340 171
340 180
340 184
340 192
340 205
340 219
340 226
340 229
340 235
340 268
340 276
340 299
340 305
340 315
340 335
340 343
340 360
340 364
340 403
340 412
340 420
340 444
340 503
340 506
340 523
340 524
340 531
340 532
341 45
341 54
341 59
341 75
341 82
341 93
341 98
341 101
341 108
341 136
341 150
341 154
341 180
341 183
341 188
341 197
341 205
341 211
341 225
341 229
341 231
341 232
341 234
341 235
341 254
341 266
341 289
341 299
341 312
341 315
341 317
341 320
341 333
341 342
341 360
341 434
341 435
341 438
341 441
341 451
341 461
341 474
341 481
341 484
341 487
341 498
341 505
341 506
341 532
342 6
342 61
342 86
342 93
342 108
342 159
342 164
342 229
342 233
342 235
342 254
342 259
342 268
342 276
342 299
342 314
342 315
342 341
342 348
342 352
342 353
342 360
342 379
342 385
342 403
342 412
342 521
342 523
342 532
343 45
343 47
343 71
343 108
343 124
343 164
343 193
343 235
343 264
343 268
343 280
343 297
343 312
343 323
343 420
344 197
344 360
345 56
345 107
345 108
345 150
345 192
345 205
345 231
345 312
345 328
345 427
345 506
345 532
346 60
346 108
346 124
346 127
346 150
346 180
346 183
346 188
346 193
346 205
346 214
346 231
346 263
346 276
346 305
346 320
346 359
346 379
346 481
347 6
347 37
347 47
347 85
347 90
347 122
347 128
347 164
347 194
347 229
347 235
347 259
347 261
347 274
347 276
347 283
347 297
347 298
347 299
347 312
347 315
347 317
347 335
347 342
347 348
347 353
347 360
347 364
347 377
347 379
347 403
347 412
347 466
347 490
347 499
347 522
347 523
347 524
347 531
347 532
348 6
348 30
348 36
348 61
348 82
348 93
348 122
348 127
348 133
348 156
348 160
348 164
348 167
348 180
348 184
348 214
348 228
348 229
348 235
348 243
348 259
348 276
348 298
348 315
348 320
348 335
348 342
348 347
348 360
348 364
348 379
348 385
348 403
348 418
348 426
348 458
348 466
348 486
348 490
348 499
348 504
348 506
348 521
348 523
348 524
348 531
349 108
349 205
349 231
350 63
350 67
350 85
350 86
350 108
350 122
350 180
350 205
350 211
350 229
350 233
350 235
350 276
350 360
350 412
350 517
351 60
351 89
351 107
351 108
351 144
351 150
351 157
351 178
351 183
351 192
351 299
351 318
351 346
351 353
351 359
351 360
351 378
351 415
351 502
351 505
352 36
352 41
352 47
352 61
352 80
352 82
352 90
352 105
352 108
352 114
352 124
352 127
352 148
352 159
352 164
352 186
352 193
352 199
352 225
352 236
352 237
352 243
352 248
352 254
352 275
352 282
352 283
352 317
352 335
352 361
352 364
352 370
352 398
352 403
352 428
352 434
352 441
352 458
352 467
352 474
352 475
352 492
352 498
352 523
352 529
352 532
353 45
353 48
353 67
353 90
353 108
353 137
353 188
353 229
353 231
353 235
353 259
353 268
353 276
353 342
353 347
353 360
353 379
353 403
353 454
353 521
354 6
354 17
354 31
354 45
354 61
354 82
354 86
354 108
354 122
354 127
354 160
354 164
354 167
354 171
354 178
354 187
354 211
354 229
354 233
354 235
354 237
354 239
354 246
354 254
354 268
354 276
354 299
354 312
354 315
354 320
354 335
354 340
354 342
354 347
354 348
354 352
354 360
354 364
354 379
354 385
354 400
354 403
354 485
354 506
354 523
354 524
354 529
354 531
354 532
355 133
355 134
355 180
355 235
355 239
355 299
355 317
355 353
355 360
355 364
355 379
355 506
355 523
356 133
356 134
356 180
356 235
356 239
356 299
356 317
356 353
356 355
356 360
356 364
356 379
356 506
356 523
357 353
358 108
359 49
359 78
359 133
359 134
359 161
359 180
359 205
359 211
359 235
359 268
359 276
359 299
359 317
359 329
359 346
359 385
359 403
359 407
359 431
359 434
359 451
359 499
360 86
360 122
360 133
360 197
360 229
360 235
360 276
360 299
360 353
360 379
360 403
360 412
360 499
361 6
361 30
361 34
361 61
361 63
361 67
361 71
361 75
361 85
361 86
361 90
361 95
361 122
361 123
361 125
361 127
361 128
361 150
361 157
361 160
361 178
361 180
361 187
361 193
361 197
361 226
361 229
361 231
361 235
361 246
361 254
361 276
361 282
361 291
361 299
361 305
361 315
361 335
361 342
361 347
361 348
361 352
361 353
361 357
361 360
361 375
361 376
361 379
361 383
361 403
361 412
361 428
361 434
361 444
361 454
361 467
361 484
361 486
361 490
361 499
361 506
361 517
361 523
361 524
361 531
361 532
361 534
362 180
363 211
363 299
363 414
363 466
363 506
364 6
364 61
364 67
364 93
364 114
364 160
364 189
364 193
364 197
364 229
364 235
364 243
364 315
364 335
364 348
364 352
364 403
364 444
364 458
364 467
364 486
364 523
364 524
364 532
365 108
365 193
365 237
366 77
366 144
366 164
366 171
366 174
366 233
366 274
366 276
366 360
366 380
366 418
366 476
366 532
367 50
367 180
367 235
367 239
367 276
367 299
367 360
367 444
367 523
367 524
368 45
368 54
368 61
368 123
368 142
368 143
368 164
368 174
368 180
368 223
368 232
368 236
368 268
368 299
368 328
369 91
369 107
369 108
369 532
370 203
370 268
370 368
371 6
371 122
371 128
371 211
371 233
371 276
371 299
371 335
371 352
371 353
371 360
371 420
371 512
371 523
371 532
372 47
372 167
372 189
372 205
372 235
372 243
372 403
372 418
373 6
373 243
373 305
374 180
374 235
374 360
374 532
375 108
375 117
375 211
375 235
375 299
375 317
375 352
375 361
375 414
376 86
376 90
376 156
376 164
376 239
376 348
376 353
376 360
376 370
376 418
377 276
377 347
377 499
378 6
378 45
378 67
378 85
378 93
378 95
378 122
378 150
378 229
378 233
378 235
378 268
378 276
378 299
378 353
378 360
378 385
378 523
378 532
379 229
379 299
379 315
379 360
380 34
380 108
380 180
380 205
380 239
380 506
381 420
381 484
381 512
382 86
382 108
382 133
382 171
382 174
382 226
382 235
382 276
382 283
382 403
382 484
382 499
382 517
382 532
383 75
383 81
383 82
383 90
383 107
383 122
383 123
383 133
383 138
383 155
383 165
383 189
383 243
383 244
383 297
383 299
383 314
383 361
383 371
383 385
383 391
383 481
384 86
384 120
384 122
384 150
384 229
384 235
384 239
384 282
384 315
384 360
384 524
385 54
385 82
385 93
385 95
385 108
385 124
385 128
385 137
385 193
385 229
385 235
385 299
385 335
385 348
385 353
385 360
385 364
385 403
385 414
385 418
385 458
385 521
385 523
385 531
385 532
386 122
386 155
386 180
386 193
386 205
386 229
386 282
386 379
386 506
387 180
388 50
388 67
388 93
388 109
388 133
388 193
388 197
388 229
388 235
388 276
388 283
388 305
388 360
388 412
388 531
389 36
389 108
389 180
389 203
389 211
389 229
389 235
389 268
389 299
389 413
389 444
389 481
389 484
389 504
389 506
389 532
390 75
390 108
390 122
390 164
390 167
390 233
390 360
390 379
390 385
390 412
390 434
390 532
391 50
391 93
391 108
391 122
391 133
391 150
391 180
391 205
391 268
391 365
391 506
392 108
392 114
392 167
392 180
392 181
392 299
393 6
394 50
394 78
394 174
394 180
394 193
394 226
394 229
394 246
394 268
394 299
394 365
395 517
396 47
396 54
396 75
396 128
396 180
396 233
396 297
396 299
396 406
396 434
397 17
397 34
397 45
397 47
397 75
397 83
397 108
397 109
397 122
397 128
397 152
397 164
397 180
397 233
397 268
397 299
397 305
397 312
397 315
397 326
397 352
397 364
397 420
397 433
397 490
397 517
398 108
398 122
398 150
398 211
398 342
398 353
399 67
399 108
399 235
399 385
400 108
400 205
400 235
400 506
401 180
402 56
402 68
402 107
403 108
403 299
403 524
404 50
404 107
404 205
404 506
405 56
405 108
405 114
405 180
405 244
405 272
405 306
405 522
406 60
406 70
406 109
406 133
406 175
406 180
406 192
406 198
406 235
406 276
406 360
406 396
406 402
406 403
406 500
407 78
407 114
407 144
407 205
407 272
407 274
407 359
407 506
408 30
408 50
408 60
408 82
408 93
408 108
408 127
408 144
408 156
408 187
408 211
408 214
408 234
408 235
408 259
408 297
408 315
408 320
408 385
408 400
408 403
408 441
408 498
408 499
408 506
408 523
408 524
409 160
409 180
410 133
410 150
410 235
410 276
411 180
411 194
412 6
412 21
412 30
412 50
412 61
412 63
412 75
412 86
412 122
412 150
412 160
412 167
412 171
412 180
412 187
412 201
412 229
412 235
412 239
412 268
412 276
412 298
412 299
412 315
412 360
412 403
412 458
412 523
412 524
412 531
413 36
413 90
413 138
413 142
413 171
413 205
413 299
413 320
413 494
413 506
414 6
414 30
414 81
414 86
414 93
414 114
414 122
414 156
414 164
414 197
414 219
414 228
414 229
414 235
414 239
414 268
414 276
414 282
414 298
414 299
414 305
414 315
414 320
414 342
414 360
414 363
414 375
414 379
414 385
414 398
414 412
414 426
414 434
414 443
414 466
414 500
414 506
415 60
415 68
415 88
415 93
415 99
415 107
415 108
415 124
415 134
415 144
415 183
415 192
415 193
415 205
415 226
415 235
415 302
415 304
415 317
415 345
415 351
415 369
415 379
415 385
415 391
415 420
415 506
416 107
416 229
416 360
417 108
417 205
417 506
418 6
418 36
418 37
418 82
418 86
418 127
418 156
418 164
418 167
418 171
418 174
418 184
418 187
418 189
418 214
418 228
418 232
418 235
418 243
418 276
418 298
418 307
418 315
418 320
418 348
418 352
418 360
418 376
418 403
418 426
418 467
418 500
418 506
418 523
418 524
418 531
418 532
419 30
419 34
419 160
419 178
419 235
419 259
419 348
419 360
419 379
419 403
419 444
419 490
419 500
419 524
420 17
420 36
420 45
420 56
420 60
420 108
420 150
420 157
420 164
420 187
420 194
420 211
420 229
420 233
420 235
420 237
420 254
420 264
420 282
420 299
420 312
420 326
420 335
420 360
420 371
420 397
420 412
420 433
420 484
420 490
420 512
420 532
421 30
421 47
421 51
421 61
421 86
421 93
421 108
421 109
421 122
421 128
421 150
421 160
421 167
421 180
421 184
421 194
421 219
421 229
421 232
421 233
421 235
421 239
421 246
421 276
421 291
421 299
421 314
421 315
421 335
421 348
421 352
421 360
421 364
421 365
421 379
421 385
421 397
421 403
421 418
421 438
421 444
421 481
421 500
421 504
421 506
421 517
421 523
421 524
421 531
421 532
422 93
422 150
422 178
422 192
423 30
423 86
423 122
423 156
423 167
423 176
423 178
423 180
423 229
423 235
423 259
423 268
423 286
423 291
423 299
423 315
423 353
423 360
423 378
423 379
423 403
423 523
423 524
424 45
424 54
424 75
424 83
424 108
424 122
424 128
424 164
424 180
424 226
424 233
424 235
424 254
424 268
424 299
424 312
424 315
424 335
424 360
424 458
424 524
424 532
425 30
425 36
425 140
425 150
425 180
425 210
425 315
425 385
425 523
426 75
426 128
426 235
426 305
427 107
427 108
427 177
428 60
428 63
428 86
428 108
428 122
428 128
428 156
428 174
428 180
428 205
428 229
428 235
428 259
428 352
428 360
428 361
428 379
428 385
428 418
428 499
428 517
428 521
429 180
430 36
430 188
430 276
431 56
431 107
431 108
431 229
431 420
432 67
432 82
432 122
432 123
432 125
432 133
432 164
432 180
432 235
432 239
432 315
432 360
432 379
432 400
432 469
432 532
433 47
433 71
433 83
433 108
433 128
433 152
433 170
433 180
433 205
433 221
433 237
433 291
433 312
433 397
433 420
433 506
433 540
434 45
434 54
434 75
434 140
434 180
434 229
434 268
434 299
434 487
434 498
435 108
436 108
437 45
437 54
437 56
437 101
437 108
437 119
437 122
437 124
437 128
437 133
437 150
437 157
437 164
437 171
437 173
437 178
437 180
437 183
437 193
437 205
437 211
437 212
437 224
437 229
437 233
437 235
437 237
437 246
437 254
437 268
437 276
437 299
437 320
437 335
437 352
437 360
437 385
437 403
437 420
437 433
437 467
437 484
437 523
437 532
438 37
438 45
438 75
438 93
438 108
438 114
438 122
438 171
438 180
438 188
438 193
438 201
438 229
438 233
438 235
438 268
438 276
438 299
438 315
438 317
438 341
438 342
438 353
438 360
438 379
438 412
438 506
438 517
438 523
438 532
439 4
439 107
440 315
440 348
440 532
441 63
441 205
442 83
442 108
442 206
442 266
442 305
442 403
443 108
443 122
443 193
443 205
443 211
443 235
443 342
443 353
443 360
443 365
443 385
443 506
444 54
444 88
444 96
444 108
444 130
444 144
444 184
444 185
444 193
444 229
444 235
444 254
444 268
444 276
444 297
444 299
444 315
444 335
444 352
444 353
444 360
444 364
444 367
444 379
444 385
444 398
444 429
444 486
444 506
444 524
445 30
445 45
445 47
445 86
445 108
445 122
445 133
445 156
445 171
445 180
445 190
445 229
445 231
445 233
445 235
445 246
445 254
445 276
445 299
445 315
445 335
445 360
445 378
445 418
445 506
445 517
445 529
445 531
445 532
446 56
446 78
446 100
446 155
446 168
446 170
446 171
446 180
446 193
446 205
446 226
446 229
446 231
446 265
446 268
446 272
446 276
446 295
446 299
446 328
446 332
446 360
446 365
446 403
446 448
446 476
446 506
446 532
446 540
447 107
447 235
448 119
448 180
448 234
448 282
448 379
448 538
449 108
449 312
450 239
450 335
450 387
451 47
451 56
451 86
451 108
451 150
451 178
451 188
451 193
451 229
451 266
451 268
451 305
451 379
451 417
451 474
451 505
451 506
452 45
452 108
452 122
452 133
452 180
452 211
452 235
452 403
453 50
453 56
453 68
453 101
453 180
453 193
453 205
453 223
453 335
453 336
453 341
453 420
453 506
454 81
454 90
454 155
454 268
454 299
454 353
454 521
454 523
455 47
455 50
455 93
455 97
455 122
455 127
455 136
455 178
455 180
455 193
455 194
455 197
455 229
455 231
455 235
455 268
455 276
455 282
455 297
455 299
455 403
455 474
455 498
455 499
455 523
455 532
456 47
456 75
456 108
456 180
456 203
456 246
456 268
456 299
456 341
456 398
456 427
456 506
457 239
457 246
458 6
458 28
458 30
458 36
458 86
458 150
458 160
458 178
458 180
458 184
458 193
458 229
458 235
458 243
458 259
458 282
458 299
458 315
458 335
458 348
458 352
458 360
458 364
458 379
458 385
458 412
458 499
458 523
458 524
458 531
459 61
459 83
459 122
459 171
459 229
459 235
459 268
459 315
459 499
460 45
460 75
460 108
460 154
460 180
460 211
460 254
460 312
460 315
460 341
460 360
460 434
460 484
460 532
461 30
461 36
461 45
461 47
461 53
461 54
461 56
461 59
461 60
461 67
461 75
461 81
461 86
461 93
461 96
461 99
461 101
461 108
461 109
461 114
461 122
461 127
461 128
461 133
461 144
461 152
461 153
461 164
461 167
461 171
461 178
461 181
461 183
461 187
461 195
461 197
461 198
461 214
461 219
461 224
461 229
461 231
461 233
461 235
461 237
461 239
461 246
461 248
461 263
461 265
461 266
461 268
461 270
461 276
461 278
461 282
461 289
461 297
461 299
461 300
461 302
461 305
461 314
461 315
461 317
461 320
461 323
461 340
461 348
461 360
461 361
461 370
461 377
461 380
461 385
461 398
461 405
461 414
461 420
461 434
461 441
461 442
461 444
461 466
461 467
461 469
461 470
461 474
461 475
461 481
461 486
461 487
461 490
461 494
461 495
461 506
461 517
461 521
461 532
462 108
463 45
463 47
463 61
463 71
463 83
463 128
463 205
463 231
463 236
463 299
463 312
463 315
463 320
463 433
464 107
464 108
464 180
465 108
465 133
465 205
465 211
465 239
465 246
465 276
465 305
465 345
465 360
465 365
465 434
466 347
466 360
466 490
466 518
466 534
467 45
467 180
467 184
467 211
467 235
467 268
467 299
467 327
467 335
467 342
467 385
467 523
467 532
468 506
469 47
469 50
469 93
469 108
469 122
469 150
469 178
469 180
469 211
469 235
469 239
469 282
469 299
469 305
469 315
469 348
469 360
469 385
469 474
469 523
470 60
470 167
470 180
470 187
470 235
470 461
470 521
471 68
471 86
471 150
471 180
471 231
471 235
471 238
471 246
471 276
471 282
471 299
472 180
473 174
473 195
474 50
474 75
474 117
474 206
474 299
474 320
475 6
475 30
475 39
475 61
475 63
475 65
475 86
475 96
475 164
475 167
475 178
475 184
475 235
475 335
475 352
475 360
475 418
475 499
475 523
475 531
476 56
476 60
476 107
476 115
476 127
476 144
476 150
476 180
476 205
476 210
476 235
476 248
476 276
476 305
476 320
476 357
476 360
476 366
476 380
476 442
476 446
476 481
477 56
477 107
477 108
477 180
477 244
477 268
478 180
479 50
479 56
479 108
479 133
479 192
479 205
479 221
479 226
479 234
479 239
479 276
479 360
479 420
479 506
480 66
480 67
480 86
480 150
480 160
480 171
480 180
480 235
480 276
480 299
480 348
480 353
480 360
480 379
480 517
480 523
480 524
481 50
481 59
481 60
481 71
481 73
481 75
481 77
481 81
481 88
481 107
481 108
481 122
481 143
481 144
481 150
481 164
481 180
481 187
481 192
481 193
481 197
481 219
481 229
481 231
481 235
481 245
481 248
481 254
481 263
481 264
481 266
481 268
481 270
481 271
481 276
481 282
481 299
481 305
481 308
481 320
481 341
481 346
481 360
481 370
481 403
481 426
481 451
481 452
481 474
481 495
481 519
482 164
482 226
482 229
482 235
482 360
482 385
482 499
483 30
483 34
483 36
483 82
483 90
483 93
483 109
483 127
483 133
483 137
483 150
483 156
483 160
483 171
483 178
483 190
483 214
483 219
483 229
483 231
483 235
483 239
483 248
483 263
483 268
483 276
483 282
483 283
483 299
483 305
483 315
483 320
483 335
483 342
483 348
483 353
483 360
483 367
483 379
483 403
483 412
483 418
483 426
483 444
483 467
483 499
483 520
483 523
483 524
484 45
484 53
484 56
484 78
484 90
484 107
484 108
484 150
484 164
484 193
484 211
484 233
484 235
484 237
484 250
484 268
484 305
484 312
484 335
484 345
484 361
484 368
484 382
484 392
484 400
484 420
484 437
484 490
484 492
484 521
485 108
485 171
485 180
485 181
485 211
485 229
485 231
485 235
485 239
485 283
485 299
485 305
485 353
485 354
485 360
485 403
485 523
485 532
486 36
486 61
486 81
486 156
486 160
486 167
486 171
486 235
486 266
486 273
486 276
486 282
486 294
486 307
486 348
486 444
486 490
486 524
487 45
487 54
487 75
487 108
487 150
487 180
487 188
487 210
487 231
487 235
487 246
487 254
487 263
487 276
487 299
487 305
487 315
487 320
487 341
487 342
487 353
487 403
487 412
487 434
487 461
487 532
488 108
489 108
490 139
490 299
490 312
490 499
491 180
491 229
491 299
491 317
491 360
491 379
491 398
491 475
491 482
491 531
491 532
492 50
492 108
492 109
492 114
492 180
492 211
492 235
492 237
492 352
492 353
492 403
492 484
492 511
493 56
493 107
493 108
493 168
493 205
493 211
493 272
493 286
493 321
493 431
493 484
493 540
494 45
494 83
494 103
494 108
494 180
494 201
494 211
494 276
494 320
494 353
495 82
495 108
495 193
495 197
495 229
495 235
495 259
495 266
495 276
495 290
495 320
495 343
495 344
495 360
495 364
495 379
495 403
495 443
495 455
496 93
496 122
496 136
496 144
496 197
496 229
496 235
496 268
496 276
496 299
496 303
496 360
496 400
496 406
496 455
496 466
496 506
496 518
497 50
497 59
497 108
497 144
497 180
497 190
497 205
497 235
497 243
497 315
498 30
498 47
498 72
498 75
498 82
498 93
498 96
498 108
498 150
498 156
498 160
498 164
498 167
498 180
498 184
498 193
498 198
498 210
498 211
498 231
498 234
498 235
498 237
498 243
498 254
498 258
498 266
498 276
498 282
498 297
498 299
498 314
498 315
498 320
498 335
498 348
498 352
498 360
498 364
498 379
498 403
498 418
498 467
498 500
498 506
498 512
498 523
498 524
498 531
498 532
499 6
499 21
499 36
499 75
499 86
499 133
499 156
499 184
499 189
499 195
499 197
499 214
499 229
499 235
499 239
499 243
499 276
499 298
499 315
499 347
499 348
499 360
499 403
499 412
499 418
499 426
499 500
499 523
500 6
500 21
500 36
500 75
500 86
500 133
500 156
500 184
500 189
500 195
500 197
500 214
500 229
500 235
500 239
500 243
500 276
500 298
500 315
500 347
500 348
500 360
500 403
500 412
500 418
500 426
500 499
500 523
501 109
501 171
501 180
501 197
501 229
501 235
501 239
501 268
501 276
501 299
501 360
501 403
501 474
501 506
501 507
501 532
502 60
502 74
502 107
502 108
502 128
502 137
502 192
502 234
502 320
502 351
502 385
502 424
502 524
502 532
503 321
504 122
504 128
504 184
504 231
504 235
504 259
504 268
504 276
504 299
504 314
504 315
504 335
504 360
504 403
504 466
504 532
505 36
505 80
505 113
505 157
505 164
505 174
505 268
505 297
505 442
505 451
506 6
506 21
506 47
506 95
506 108
506 122
506 229
506 235
506 239
506 259
506 268
506 276
506 315
506 353
506 360
506 412
507 67
507 108
507 188
507 205
507 231
507 254
507 259
507 305
507 315
507 379
507 532
507 540
508 6
508 30
508 61
508 75
508 82
508 109
508 127
508 160
508 180
508 229
508 234
508 235
508 243
508 259
508 276
508 320
508 353
508 360
508 364
508 379
508 403
508 490
508 524
508 531
509 180
509 219
510 56
510 107
510 108
510 150
510 180
510 205
510 229
510 299
510 403
511 108
511 109
511 122
511 180
511 244
511 305
511 345
511 416
511 492
512 36
512 60
512 150
512 164
512 219
512 233
512 264
512 276
512 297
512 299
512 312
512 335
512 370
512 420
512 532
513 34
513 45
513 54
513 61
513 180
513 235
513 247
513 259
513 353
513 379
513 494
514 86
514 93
514 122
514 205
514 229
514 233
514 235
514 268
514 276
514 299
514 360
514 385
514 403
514 506
514 532
515 155
515 211
515 299
516 127
516 159
516 180
516 193
516 235
516 248
516 466
516 486
516 523
516 524
516 532
517 403
518 67
518 93
518 136
518 144
518 229
518 235
518 303
518 315
518 360
518 412
518 455
518 466
518 496
519 68
519 84
519 109
519 298
519 299
519 305
519 360
519 481
520 229
520 268
520 299
520 342
521 6
521 30
521 34
521 36
521 45
521 67
521 72
521 82
521 83
521 90
521 93
521 108
521 124
521 127
521 160
521 164
521 188
521 211
521 229
521 233
521 235
521 243
521 268
521 276
521 299
521 315
521 317
521 335
521 342
521 348
521 352
521 353
521 360
521 364
521 379
521 385
521 403
521 428
521 434
521 444
521 454
521 467
521 499
521 523
521 524
521 531
521 532
522 180
522 205
522 235
522 299
522 347
522 353
522 360
522 506
522 532
523 6
523 21
523 30
523 36
523 50
523 54
523 61
523 63
523 75
523 81
523 82
523 86
523 91
523 93
523 95
523 122
523 128
523 133
523 160
523 164
523 167
523 178
523 180
523 184
523 187
523 189
523 201
523 228
523 229
523 231
523 233
523 235
523 239
523 243
523 259
523 268
523 276
523 298
523 320
523 335
523 348
523 352
523 364
523 403
523 412
523 418
523 426
523 490
523 499
523 504
523 506
523 524
523 531
524 30
524 61
524 90
524 160
524 162
524 184
524 231
524 235
524 243
524 259
524 315
524 348
524 360
524 364
524 444
524 486
525 108
525 305
526 86
526 108
526 109
526 133
526 180
526 229
526 235
526 246
526 276
526 299
526 304
526 360
526 379
526 412
526 517
527 56
527 108
527 205
527 276
527 305
527 365
527 420
527 506
528 59
528 180
528 206
528 229
528 246
528 276
528 299
528 420
528 474
528 506
529 47
529 63
529 109
529 205
529 246
529 266
529 268
529 276
529 297
529 299
529 340
529 354
529 445
529 498
529 506
530 164
530 171
530 178
530 205
530 229
530 235
530 263
530 506
530 524
531 30
531 45
531 86
531 122
531 133
531 150
531 164
531 167
531 178
531 187
531 211
531 235
531 239
531 246
531 270
531 276
531 335
531 342
531 418
531 475
531 506
531 524
532 6
532 17
532 36
532 41
532 45
532 46
532 70
532 71
532 75
532 81
532 82
532 86
532 97
532 122
532 127
532 128
532 133
532 142
532 164
532 170
532 184
532 189
532 192
532 193
532 199
532 206
532 214
532 221
532 231
532 232
532 233
532 235
532 237
532 254
532 264
532 266
532 268
532 276
532 282
532 299
532 307
532 312
532 314
532 335
532 342
532 347
532 348
532 352
532 360
532 361
532 364
532 403
532 412
532 418
532 420
532 424
532 437
532 441
532 467
532 474
532 490
532 498
532 502
532 504
532 507
532 512
532 521
532 522
532 523
532 524
532 530
533 379
534 6
534 21
534 28
534 30
534 48
534 60
534 63
534 83
534 86
534 95
534 105
534 108
534 109
534 122
534 128
534 133
534 151
534 160
534 166
534 171
534 183
534 184
534 229
534 231
534 234
534 235
534 239
534 263
534 268
534 276
534 299
534 305
534 347
534 353
534 360
534 364
534 379
534 426
534 442
534 517
534 523
534 524
534 532
535 180
535 524
536 108
536 144
537 108
538 105
538 107
538 180
538 182
538 198
538 205
538 207
538 231
538 291
538 320
538 365
538 379
538 391
538 504
538 506
539 540
540 56
540 107
540 108
540 180
540 205
540 211
540 226
540 506
