3 83 208 236 376 504 522 583 608 1992
6 77 78 114 115 1995
7 500 501 502 513 514 515 1996
10 428 795 988 1007 1008 1014 1999
11 12 13 14 15 2000
22 1455 1456 1457 1521 2008
24 953 1200 1564 1565 2012
26 27 28 29 33 2014
30 346 364 624 975 976 2015
31 108 287 288 289 290 291 299 337 372 373 2016 2017 2018
32 132 133 134 202 234 2019
35 36 37 38 39 2022
44 48 81 87 106 387 395 588 589 590 591 592 593 594 612 2027 2028
44 48 81 87 106 387 395 588 589 590 591 592 593 594 612 2027 2028
46 192 1035 1036 1040 1041 2030
47 153 171 436 464 465 466 467 468 469 470 507 2031
51 128 224 541 542 543 2034
53 945 1025 1026 1027 2036
63 73 353 545 546 547 2044
64 265 266 267 268 2045
70 193 205 279 334 634 913 1550 2049
71 1640 1828 1829 1830 1831 1832 2050
76 673 674 675 676 677 682 693 2051
79 100 779 1558 1559 1600 2052
84 1039 1097 1273 1532 1930 2056
86 347 686 687 688 2057
49 89 135 161 223 247 256 844 845 922 933 1005 1042 2032 2059
97 486 487 488 489 490 491 529 2063 2064
98 248 902 940 1255 2065
99 977 1755 1912 1942 2066
103 527 957 1212 1746 1747 2067
109 313 314 1602 1608 2069 2070
110 124 232 316 473 474 475 476 477 478 479 503 2071
111 169 220 403 404 2072
56 57 58 60 61 112 237 505 2040 2073
88 105 113 229 230 2058 2074
118 204 228 1612 1613 2078 2079
119 525 1161 1470 1471 1756 2080
122 429 833 862 1089 2085
9 125 126 172 211 1998 2086 2087
127 275 599 965 966 2089
129 397 859 860 861 1444 1606 1708 2090
130 136 206 215 333 338 2091
137 138 139 140 145 2093
142 199 625 626 627 628 629 635 2094
148 703 1093 1094 1124 2101
149 150 151 250 273 2102
152 610 1445 1446 1579 2103
155 280 335 342 379 389 2105
158 866 867 868 869 870 871 916 925 2108
159 330 731 841 842 2109
160 1453 1486 1487 1488 2110
162 921 1604 1605 2111 2112
163 493 528 1345 1448 1449 2113
165 709 1018 1019 1020 2114
167 611 724 1233 2115 2116
43 85 90 177 184 244 354 604 649 2024 2025 2026 2121
178 179 180 181 182 183 188 2122
185 186 194 195 196 197 198 2123 2124
190 252 253 254 255 2128
201 830 831 832 2130
203 264 806 1167 1845 2132
209 1183 1196 1343 1347 2134
212 1732 1733 1734 1735 1736 1856 2135
213 699 773 778 1096 1369 2136
216 767 944 1569 1570 1571 1572 1573 1574 1575 1576 1577 2137
222 238 531 970 1761 2139
225 226 537 757 768 954 955 956 2140
157 231 258 259 260 2107 2143 2144
233 551 1087 1225 1226 2145
240 521 1483 1484 1485 2146
245 435 548 574 576 710 1054 1223 1288 2149 2150
246 776 777 891 901 927 2151
262 1234 1235 1262 1368 2154
269 609 1145 1146 1147 1148 2155
271 410 411 412 413 414 415 2156
274 739 1526 1527 1938 1939 2157
191 276 356 481 698 723 839 939 2129 2158
66 277 297 563 2047 2159
286 807 1009 1177 1202 1376 1378 2163
300 301 302 303 304 2166
305 306 307 308 309 310 2167
311 849 850 872 873 874 2168 2169
315 738 796 950 951 2170
325 553 1619 1620 1621 2175
318 319 320 321 322 326 2176
328 571 618 926 1307 1841 1842 2177 2178
332 843 910 911 912 929 2179
336 1072 1481 1518 1519 2180
251 345 1681 1727 1728 1729 1730 2185 2186 2187
16 348 942 1168 1169 1303 1454 2188
349 1367 1513 1522 1523 1524 2189
352 1166 1738 1739 1740 2191
358 359 1295 1585 1586 1593 2194
360 1213 1214 1215 1220 1358 1418 2195 2196
362 523 524 697 716 749 2198
365 508 509 510 516 517 2200
367 384 400 401 499 2202
368 1110 1283 1433 2203 2204
371 958 1360 1366 1386 1472 2205
374 380 494 1053 1261 1357 1396 1607 1775 1932 2206
245 383 435 548 574 576 710 1054 1223 1288 1482 2149 2150 2211
385 1497 1502 1503 1504 2212
386 432 441 442 443 2213
388 700 1111 1743 1744 1745 1803 1804 1846 2214
154 363 391 1001 1049 1136 1224 2104 2199 2216 2217
396 1511 1514 1861 1862 2223
405 406 407 437 438 2224
408 409 424 425 440 450 2225
417 426 631 730 1218 1219 2226
427 1489 1819 1820 1821 1822 2229
430 1198 1598 1599 1661 1662 1663 1664 1665 2230
439 914 989 990 991 992 1063 2234
444 1043 1058 1059 1060 2235
447 715 1594 1595 1683 1684 2239
449 533 701 1452 1528 1750 1751 1812 1813 1836 1837 2241
452 1326 1359 1848 1869 2242
455 456 457 458 459 460 526 2245
461 585 1851 1852 1853 2246 2247
463 920 1290 1587 1588 2248 2249 2250
472 671 1590 1705 1706 1757 1758 2255 2256
519 643 662 1021 1022 1028 2264
23 520 863 930 1085 1086 2010 2265
530 1221 1560 1561 1562 1563 2266
176 532 751 918 1392 2119 2120 2267 2268
540 1692 1693 1694 1695 2271
549 554 748 840 995 2273
561 1065 1191 1631 1632 1652 2275
565 579 1045 1046 1153 2279
568 852 853 854 855 2280
569 718 782 1055 1056 1068 2281
570 1385 1970 1971 1980 2283
117 174 200 573 639 650 732 772 804 1069 1391 1422 1757 1758 2077 2118 2286
577 1186 1248 1249 1250 1251 2287
578 769 1765 1766 1767 1811 2288
581 613 614 638 994 1306 2289
584 823 824 825 826 827 2290
598 632 741 946 996 997 998 999 1000 1002 1003 1004 1023 1024 2293
603 1654 1658 1659 1660 1673 2296
615 630 670 754 758 759 2298
622 936 1127 1128 1160 1194 2299 2300 2301
54 582 633 636 834 1309 1372 2262 2303 2304
641 1264 1268 1269 1270 2307
227 317 586 642 646 753 1090 1100 1116 1129 1182 1289 1468 1469 1531 1589 2141 2142 2171 2172 2173 2309
651 828 904 905 906 907 908 909 2311
654 1313 1551 1552 1653 1672 2314
665 666 667 668 669 711 815 816 817 818 819 820 821 822 846 2318 2319
672 1637 1638 1639 1950 2320 2321
685 1134 1316 1651 2325 2326
19 34 480 664 683 684 689 690 1083 2004 2005 2020 2021 2316 2317 2327 2328 2329 2330
691 1398 1399 1400 1401 1402 1424 2332
691 725 1398 1399 1400 1401 1402 1424 1450 1451 2331 2332
281 696 923 1972 1986 2333
535 704 705 706 707 899 900 2270 2335
708 1274 1275 1276 1350 2337
712 717 1312 1517 1622 2338
714 959 960 961 962 1047 2339
719 1490 1680 1690 1691 2340
726 727 774 775 2344
760 1314 1596 1597 1657 2350
445 762 1380 1381 1411 1412 2236 2351
146 605 783 1508 1859 1860 2097 2353 2354
786 972 973 974 978 979 2355
788 1413 1414 1415 1416 1417 2357
789 790 791 792 793 794 2358
567 728 729 798 808 2359
801 802 805 1140 1141 2360 2361
803 1189 1201 1888 1952 2362
811 812 813 814 835 2363 2364
847 848 1748 1793 1794 1795 2367 2368 2369
851 932 1355 1375 1439 1538 2371
538 857 858 1222 1419 2372 2373
875 876 1016 1017 2375 2376
882 1882 1883 1884 1885 1886 1887 2377
17 141 329 393 713 883 1656 2001 2002 2220 2378
897 1351 1352 1353 1354 1363 1364 1365 2384
917 1142 1311 1344 2385 2386
928 1066 1641 1642 1643 1644 1645 1646 1710 2388
931 1154 1155 1156 1157 1176 2389
943 1515 1516 1889 1890 2391
952 1244 1245 1246 1247 1321 1322 2392
948 964 1029 1030 1032 1033 1034 2348 2394
963 968 969 1581 2393 2396
983 984 985 986 987 2398
993 1540 1541 1542 1543 2399
402 433 1050 1071 1342 1458 1505 1507 1857 1858 1985 2232 2233 2408 2409 2410 2411
797 1095 1655 1682 1768 1769 1770 2420
1099 1771 1772 1806 1807 2421
1101 1203 1265 1266 1267 2422 2423
1106 1107 1108 1109 1125 2425
1112 1379 1934 1984 1989 2426 2427
1115 1137 1138 1164 1165 2428
1158 1868 1953 1954 1955 2431
770 1079 1171 1172 1173 1498 2432
1199 1348 1809 1810 1876 2436
518 1207 1208 1209 1210 1211 2263 2437
1225 1227 1228 1229 1230 1231 1232 1341 2438
1162 1175 1236 1237 1238 1239 1240 1241 1242 1243 1390 2433 2439
1162 1175 1236 1237 1238 1239 1240 1241 1242 1243 1390 2433 2439
1253 1254 1272 1310 1346 2440
1259 1409 1410 1529 1535 2442
1263 1674 1697 1752 1753 1754 2443
1284 1285 1286 1356 1370 1580 1633 1634 1635 2445
1296 1297 1298 1299 1300 1301 1302 2448
1304 1534 1703 1726 1894 1895 1896 1897 1898 1899 1900 1901 1902 1903 1904 2449
1334 1335 1336 1337 1338 1339 2453
1048 1420 1421 1626 1805 1866 2404 2456 2457 2458 2459
1425 1474 1475 1476 1477 2460
1426 1427 1428 1429 1430 1431 1432 2461 2462
1434 1435 1436 1437 1438 2463
1067 1510 1798 1799 1800 1801 1802 2471
446 1384 1447 1473 1509 1512 1530 1700 1742 2238 2455 2464 2472
1536 1539 1749 1875 1878 1906 1982 1983 1987 1988 2473 2474
1544 1762 1843 1923 2475 2476
1545 1546 1547 1548 1879 1880 1881 1961 1964 1965 1966 2477
1583 1609 1786 1787 1788 1789 2479 2480 2481
1614 1615 1616 1617 1618 2482
1623 1719 1763 1764 1773 2483
1627 1917 1918 1919 1962 2484
1630 1647 1648 1649 1650 1717 2485
562 1669 1670 1671 1696 2276 2277 2487
1776 1777 1778 1779 1780 1785 2493
1783 1916 1926 1927 1928 1929 2494
1480 1838 1839 1951 1979 2468 2496
434 1628 1855 1907 1908 1909 1910 1911 2497
1854 1865 1936 1937 1944 1945 2498
1044 1867 1973 1974 2403 2499
572 1924 1935 1943 1956 1957 1958 1959 1960 2284 2500
