CLUSTER             LOC_ID                          LATITUDE            LONGITUDE           RADIUS              START_DATE        END_DATE          NUMBER_LOC          LLR                 P_VALUE             OBSERVED            EXPECTED            ODE                 REL_RISK            GINI_CLUST
1                   360471078002                    40.659137           -73.873173          12.82               2009/1/1          2009/12/31        3028                210.534073          1e-17               13642               15885.74            0.86                0.83                F 

2                   361031702023                    41.126666           -72.339216          125.47              2009/1/1          2009/12/31        2481                114.192032          1e-17               15019               13415.96            1.12                1.15                F 

3                   360050161002                    40.835189           -73.884166          4.97                2009/1/1          2009/12/31        775                 106.968180          1e-17               3112                3976.00             0.78                0.77                F 

4                   360730406004                    43.174969           -78.154940          65.97               2009/1/1          2009/12/31        1349                59.152688           1e-17               7984                7098.18             1.12                1.14                F 

5                   360775915003                    42.535144           -75.230508          74.03               2009/1/1          2009/12/31        478                 11.981973           0.188               2010                2233.99             0.90                0.90                F 

6                   360339505022                    44.870740           -74.329140          43.51               2009/1/1          2009/12/31        39                  9.764082            0.789               128                 184.63              0.69                0.69                F 

7                   360191010004                    44.685560           -73.472168          4.16                2009/1/1          2009/12/31        20                  9.141057            0.925               51                  87.89               0.58                0.58                F 
